10
30
6808 12057 12130 15788 24718 25990 33534 34412 42335 50044 54484 62649 67141 70183 78170 80673 83000 84729 93569 96181 100484 103653 111362 118519 128079 129012 132111 132389 134205 139540 
30
9098 16924 20436 29703 33513 41146 42125 51274 57853 66674 68641 69313 70706 80042 85527 87272 92500 96591 96785 103142 108143 109296 116004 123948 129616 131106 139230 141426 150956 151859 
30
7723 12389 20938 28962 36763 43616 44593 52001 60229 65162 65460 74441 83076 91089 94954 104768 113831 118367 127792 129461 133576 133670 139299 145800 152317 156512 156617 157021 166472 170770 
30
2189 3312 12817 19699 26451 28017 34733 35070 39508 42652 44153 49050 52921 58749 59886 69244 72421 74818 77112 85016 86625 92856 102601 106776 110411 116709 124851 125250 133218 133630 
30
261 3818 5412 13420 19815 25783 34896 39426 40432 41394 49336 54701 56783 66635 67402 71223 76918 81630 85301 95202 103792 108623 113361 116418 118034 127824 133464 134143 141478 148484 
30
7973 14071 23166 28485 31939 37162 39451 46211 55116 61242 67365 76871 82684 89454 94692 103786 110006 117850 120216 120750 125976 131370 132733 141471 149315 158905 165455 170614 179237 184184 
30
7386 14603 19875 25414 34661 37046 40542 45427 46050 48470 56614 58582 64317 74232 75857 79391 85433 91444 96123 100275 105519 112814 121632 122028 129720 131535 134526 134559 137228 146625 
30
9554 10101 15926 17136 26798 27009 30817 34194 36955 37580 44915 46783 54778 57554 60321 67760 77634 86965 87521 93822 102694 103254 103348 112332 116087 125876 127283 135298 135491 138260 
30
5681 9136 15991 23497 24460 27962 34638 37746 40995 43326 51170 58808 59616 69613 78264 83113 88316 94047 100578 108592 114011 120786 122795 122975 130904 136127 140181 148441 155178 156723 
30
7318 14843 19043 23299 24863 25460 32108 39812 45362 50512 52488 53900 62454 65251 67755 76136 80884 87949 97327 105026 113235 118364 126917 132400 132847 137454 138227 143549 147854 153030
