100
3 8
5 6 9 4 8 2 1 7
3 1
2
3 100
2 4 8 16 32 64 128 256 512 1024 2048 4096 8192 16384 32768 65536 131072 262144 524288 1000000 1000000 1000000 1000000 1000000 1000000 1000000 1000000 1000000 1000000 1000000 1000000 1000000 1000000 1000000 1000000 1000000 1000000 1000000 1000000 1000000 1000000 1000000 1000000 1000000 1000000 1000000 1000000 1000000 1000000 1000000 1000000 1000000 1000000 1000000 1000000 1000000 1000000 1000000 1000000 1000000 1000000 1000000 1000000 1000000 1000000 1000000 1000000 1000000 1000000 1000000 1000000 1000000 1000000 1000000 1000000 1000000 1000000 1000000 1000000 1000000 1000000 1000000 1000000 1000000 1000000 1000000 1000000 1000000 1000000 1000000 1000000 1000000 1000000 1000000 1000000 1000000 1000000 1000000 1000000 1000000
3 100
1 4 4 4 4 4 4 4 4 4 4 4 4 4 4 4 4 4 4 4 4 4 4 4 4 4 4 4 4 4 4 4 4 4 4 4 4 4 4 4 4 4 4 4 4 4 4 4 4 4 4 4 4 4 4 4 4 4 4 4 4 4 4 4 4 4 4 4 4 4 4 4 4 4 4 4 4 4 4 4 4 4 4 4 4 4 4 4 4 4 4 4 4 4 4 4 4 4 4 4
1000000 1
1000000
2 20
1000000 1000000 1000000 1000000 1000000 1000000 1000000 1000000 1000000 1000000 1000000 1000000 1000000 1000000 1000000 1000000 1000000 1000000 1000000 1000000
3 5
11 20 60 22 100
2 21
1000000 1000000 1000000 1000000 1000000 1000000 1000000 1000000 1000000 1000000 1000000 1000000 1000000 1000000 1000000 1000000 1000000 1000000 1000000 1000000 1000000
2 100
1000000 1000000 1000000 1000000 1000000 1000000 1000000 1000000 1000000 1000000 1000000 1000000 1000000 1000000 1000000 1000000 1000000 1000000 1000000 1000000 1000000 1000000 1000000 1000000 1000000 1000000 1000000 1000000 1000000 1000000 1000000 1000000 1000000 1000000 1000000 1000000 1000000 1000000 1000000 1000000 1000000 1000000 1000000 1000000 1000000 1000000 1000000 1000000 1000000 1000000 1000000 1000000 1000000 1000000 1000000 1000000 1000000 1000000 1000000 1000000 1000000 1000000 1000000 1000000 1000000 1000000 1000000 1000000 1000000 1000000 1000000 1000000 1000000 1000000 1000000 1000000 1000000 1000000 1000000 1000000 1000000 1000000 1000000 1000000 1000000 1000000 1000000 1000000 1000000 1000000 1000000 1000000 1000000 1000000 1000000 1000000 1000000 1000000 1000000 1000000
3 5
27 729 9 243 81
2 19
1000000 1000000 1000000 1000000 1000000 1000000 1000000 1000000 1000000 1000000 1000000 1000000 1000000 1000000 1000000 1000000 1000000 1000000 1000000
1 100
2 2 2 2 2 2 2 2 2 2 2 2 2 2 2 2 2 2 2 2 2 2 2 2 2 2 2 2 2 2 2 2 2 2 2 2 2 2 2 2 2 2 2 2 2 2 2 2 2 2 2 2 2 2 2 2 2 2 2 2 2 2 2 2 2 2 2 2 2 2 2 2 2 2 2 2 2 2 2 2 2 2 2 2 2 2 2 2 2 2 2 2 2 2 2 2 2 2 2 2
1 100
1000000 1000000 1000000 1000000 1000000 1000000 1000000 1000000 1000000 1000000 1000000 1000000 1000000 1000000 1000000 1000000 1000000 1000000 1000000 1000000 1000000 1000000 1000000 1000000 1000000 1000000 1000000 1000000 1000000 1000000 1000000 1000000 1000000 1000000 1000000 1000000 1000000 1000000 1000000 1000000 1000000 1000000 1000000 1000000 1000000 1000000 1000000 1000000 1000000 1000000 1000000 1000000 1000000 1000000 1000000 1000000 1000000 1000000 1000000 1000000 1000000 1000000 1000000 1000000 1000000 1000000 1000000 1000000 1000000 1000000 1000000 1000000 1000000 1000000 1000000 1000000 1000000 1000000 1000000 1000000 1000000 1000000 1000000 1000000 1000000 1000000 1000000 1000000 1000000 1000000 1000000 1000000 1000000 1000000 1000000 1000000 1000000 1000000 1000000 1000000
3 4
1 6 12 49
2 6
9 64 19 16 81 80
1 47
242118 638327 890829 456816 589106 128032 659745 435817 540029 65135 394070 519769 116 762221 69971 911594 863436 11303 70643 69875 776727 3983 122847 82220 83155 805761 973401 165152 483395 33084 10476 876870 106592 475290 144829 410315 680874 165884 289222 16981 892556 600067 307486 716006 377185 852907 149226
16139 17
137251 4999 720276 97954 817348 234674 285563 792059 375303 129532 263247 120313 731653 766218 130245 264294 116339
188134 36
211739 108024 605002 95690 851664 194932 93550 915003 375515 379087 600384 58 848604 419636 166247 107871 852067 807326 719187 119681 32562 56098 136778 813142 669660 336 8 42973 540 509948 96335 550457 5056 542125 154621 37342
19336 87
451008 462571 124165 701351 128401 25452 473717 388559 104864 1851 873419 11966 770 388558 395428 935810 647267 17871 324 287469 974072 657018 357998 367278 69780 10528 538319 265930 322798 13434 154955 304662 102111 162822 126010 585888 159401 353603 455423 9988 25098 96514 257883 746708 422712 39691 237576 99060 191498 225582 8188 383319 978762 3907 23811 363 297184 148573 794779 151110 96580 337349 872136 304837 24696 67891 139715 240646 589136 776545 997921 270569 439874 957780 945559 263322 8653 427227 342175 250494 299504 548345 361872 306333 116717 316535 226761
67829 15
24530 35698 9096 627706 203834 269765 569337 80665 46904 975542 932035 1993 572383 69331 890566
11 89
13215 70522 34503 25809 219367 263593 416707 944748 106139 109538 12842 727691 34863 651921 17121 419987 179638 355961 428431 107915 141518 395803 412265 175529 354 10986 618728 219209 989961 3976 3142 286092 482828 155870 807890 18875 105270 419496 522744 319438 345987 56570 674123 972918 909001 988976 4458 276516 738214 48492 24095 5345 17660 505255 531177 897332 854514 45367 31082 934879 59052 722355 790291 715030 898186 2415 396697 310714 841444 132389 593988 683570 247352 261167 3630 270241 2851 13362 896583 213232 423613 191794 387836 119101 429140 631816 632771 144603 55993
249 12
590062 35585 332571 987680 276254 578559 8338 18130 269420 706347 7565 594451
217158 44
6 532288 205688 105042 14920 24796 724009 865139 932826 478365 571933 418340 377457 465518 774542 157498 357338 575758 300354 15 283211 717937 1415 200388 285330 11466 496227 691673 10982 387379 926391 880328 325256 245826 694948 29714 622570 317506 951780 139897 83406 7930 11640 405047
66378 31
599591 941352 32876 973195 896319 299026 23 330879 573802 51096 212202 37952 393314 117229 7577 66622 32064 437 698064 17251 961548 324991 369871 133801 544961 572171 75 625390 765167 358252 539963
80432 13
654191 673957 89769 89298 236792 223263 330672 16829 463262 106132 4159 1264 68521
218183 15
46185 32669 142620 342259 815812 51741 598406 112508 963516 127876 128345 675058 673662 650550 518422
16784 62
42095 984434 260651 148654 392944 35249 36629 34863 106191 602824 58005 28973 327421 916522 737969 520875 14897 2161 35572 48475 836604 25013 372642 637676 823568 33011 9400 616410 962015 668743 211587 57743 93141 11714 619506 342439 143030 8286 10058 244793 73454 137129 29866 163570 34866 15368 185231 113899 96087 705844 88148 61848 317889 981488 63960 769095 551556 38602 529460 763987 815991 408
34290 61
533911 1618 13385 61629 1230 592239 32567 475394 472817 860446 2880 495840 863731 231998 589912 37655 648718 224917 197032 538826 892114 236 173980 353618 565433 325902 32069 216835 132622 3960 52066 377233 35050 153058 536 535828 48183 390145 378694 449049 404428 80751 259633 50370 698954 771452 280080 751856 132262 957821 550462 349956 671893 568777 64010 776496 280436 374666 952 73800 589246
57043 16
556975 64947 127217 404313 256187 60313 679313 460768 532513 178363 903041 3680 164205 187574 116572 560492
149013 13
73957 245589 403019 915959 464714 6771 472094 13874 121357 168001 804620 45192 161547
228590 48
388309 190822 442162 150088 511152 78094 899701 60207 721073 23951 964463 682177 177290 23176 7237 33768 504815 21113 845113 62922 120408 898013 43289 378033 156366 67545 37764 708869 920926 211066 681853 400851 698135 41119 275717 180643 883503 191989 2849 197845 1498 524931 331246 142441 31 388184 114510 4305
126521 36
13861 97963 404692 860062 416398 160298 27155 583447 349237 19479 161433 804429 870888 760847 10526 165808 700296 19787 123243 410596 208723 460720 412534 58010 294842 463479 237518 918620 61454 743278 347089 468075 33067 662124 409486 548620
11563 83
210127 210178 403372 974848 227581 322196 274332 199246 689905 913150 148395 256265 303619 403478 10405 66821 774580 42291 495900 5 3320 31118 386585 566298 490696 43210 39795 284899 9933 878399 864291 68901 851941 517087 940233 11736 910145 59428 406378 44699 312687 230769 42443 768910 711514 56877 40469 297040 824340 874701 648076 526761 566242 616779 905252 228457 602889 85347 844186 148546 36565 412614 37492 695538 110 704216 236403 320876 914699 256311 278232 616794 10593 503005 189043 944292 121542 521628 90823 578699 549234 154317 156578
3604 48
116231 245162 122211 812674 518423 10552 72899 71444 336647 24032 5180 6118 996780 258491 975245 65679 7486 550890 20120 468683 328309 126361 196110 64623 369358 988079 151716 11623 713974 50402 583748 933442 830727 645502 688461 28112 279685 909810 249334 103 707036 610328 646929 585965 183377 541176 837 958393
202471 87
267208 693083 166722 540583 28 286513 115989 2247 135393 21536 511667 597140 249211 616340 170695 117191 348853 5972 135547 43984 676622 98324 141703 223038 10535 106511 5910 77724 190835 1180 5652 578190 589013 339283 905293 547816 240627 487047 172 46905 603951 6707 276 235952 539243 296689 875334 935315 129779 959371 197309 179097 382379 145836 611079 648507 652412 216764 20 51923 13216 288104 22464 9903 90 157414 786421 12588 26344 10152 55688 629215 24269 440867 639 667996 12462 42352 533419 81912 104387 20786 802435 522187 334633 292264 786467
13480 42
779230 437535 4849 53189 29681 641595 11 330650 5185 22658 706844 93861 791530 396869 205204 164771 241754 89658 80029 186112 51320 29858 861932 811344 764951 692512 740845 25902 69070 258598 241735 149762 415500 111508 994235 36019 87125 28781 703129 415712 211521 121055
87311 62
119637 237386 605759 25295 324165 319759 26532 217888 8490 9891 281023 213468 279 106546 622875 310914 87177 13109 373066 226606 299533 939252 98302 116032 872490 183153 903895 350456 872063 471974 23905 556991 289972 455467 482645 24248 522934 13882 119879 97371 38171 44998 178795 433459 2202 476823 212493 602325 235269 43807 953947 916972 306502 488249 656089 162872 212157 71699 269494 578008 89354 5788
42441 29
736031 587152 596100 764333 25526 5616 765133 559471 17867 624062 520095 501577 26573 473276 375097 438584 555493 467925 495373 434233 14156 316657 45626 40912 874361 15130 534 490431 116809
234512 84
532279 209528 210384 588179 231257 719753 101799 28427 6501 892830 13302 653243 746967 35466 762493 629089 72972 361197 747625 165075 812753 326264 41927 397010 42160 338493 181591 23026 11799 879778 911554 13005 110246 348522 12187 112641 2731 30496 880407 693327 850766 23377 167576 209342 163923 127497 16748 431658 89437 991893 621212 47329 624211 318581 764557 347360 457072 269770 1952 483733 5333 397980 37235 379970 59922 350631 244063 4346 25564 915 144417 610016 43331 843656 643859 72482 320151 58432 695 469933 468765 255931 13225 369383
147412 31
68107 232582 722367 635623 597327 302265 23819 564713 7 31046 413069 59042 994538 204148 194698 8444 950858 52357 4084 986613 4354 289 214544 976436 19234 228842 868407 839933 125146 13730 104195
40538 10
88169 342148 232304 221506 227208 292734 462078 608444 161553 937433
156328 77
380152 103855 428384 890001 4448 252737 327245 848134 77655 28287 717358 322141 616795 636481 976274 944714 100532 325789 568942 812815 38587 245498 694449 997160 836171 304205 113959 291134 48218 331399 193944 44664 568358 116162 293491 392708 25558 174867 116978 144578 124897 301436 624192 143804 358528 335477 17763 306854 10418 30185 175507 583210 165988 15015 857853 842509 536672 133708 441963 293514 564654 531694 991541 121541 312806 421838 40222 15089 120106 101799 928677 74237 243615 822566 441663 2660 999987
245362 87
33775 5664 738760 845580 98662 66247 559537 43657 16535 7123 276081 4300 781033 690875 659391 173784 887188 788659 383150 39378 9336 144052 88418 131060 501976 16875 11723 197517 231134 791715 53305 21345 324124 642323 53117 110699 631840 3879 123745 99604 432220 55860 304463 440644 300558 37705 26722 88480 717948 888394 340974 747550 677620 318988 73560 143389 310062 766550 523601 824787 292961 894506 42121 444628 150090 520080 476010 39992 669188 182662 15035 105239 339160 106767 134997 118788 155504 562625 405342 258695 643466 167827 98738 700205 141547 865908 146366
33777 44
817407 861554 160611 734039 115716 93180 949422 614634 891857 119764 794654 436711 254782 622619 183734 462905 37917 314116 13020 627038 10234 32 454 88391 301284 919019 33454 921846 8001 605554 289 212 155050 356402 628910 538137 214331 780936 680628 558253 320347 20776 25051 290153
9413 46
86836 436560 891608 909787 19266 356645 220154 883084 85505 249918 254524 512048 661778 327785 626 201077 579676 360830 363133 514738 466740 497468 251952 34709 233829 587 642538 47224 755979 684812 17 43178 33838 7776 339771 721632 759519 523295 20714 187 74232 929067 520875 69655 1452 292284
179558 82
996175 679487 3756 306845 826671 791184 363125 511943 118780 765535 103716 889106 159314 871047 144587 10209 333975 110518 473913 741572 14318 344706 3377 233532 657573 41878 561161 159170 345029 57615 404362 549269 185822 640725 128757 799056 991502 578781 24944 361766 127727 60364 364 48169 119170 592304 550007 485279 322678 194950 151865 562740 189953 814057 293244 489341 664527 858417 503714 586825 39604 55812 766171 376028 727422 45117 58068 768693 68355 150101 14459 85293 379460 802273 2794 195392 96693 73000 124936 269200 14414 935069
59987 55
3304 255346 128121 791518 177024 16055 347744 321420 25263 40986 555788 234179 847902 18864 861 919696 127883 858021 1999 8837 102755 825443 108174 283725 908052 38241 82029 455233 218088 40220 124793 347882 208118 457832 444096 55541 515670 854521 530509 137497 633525 245619 68471 23846 203604 715236 14271 64024 771226 205241 11200 239546 77263 824912 104555
245883 40
31735 26835 248863 488856 108506 22149 655083 168598 3943 82701 234521 774605 130705 294991 197410 652466 298350 16922 387833 112054 558378 57961 139634 3358 649033 29049 55286 715657 235538 577220 927933 169 418319 608090 152996 422947 259905 86153 41220 19
239563 77
39241 5114 557200 433290 10848 177246 586990 167133 407588 335285 22446 151004 127974 61709 527881 206220 716519 475667 525807 914451 446048 271835 157215 26372 602 812115 1609 510995 541014 82 807500 214511 847688 117226 350381 52009 171707 214551 106848 383514 97634 23301 10592 275625 17576 683989 868534 752262 4929 647026 488190 161160 5731 847015 196768 605055 368215 764838 833761 503124 292216 451861 635558 1395 8521 88029 671052 5849 952992 24215 492992 562356 24632 380876 411508 243101 883535
201302 12
505 19561 642905 240106 568443 81880 19131 393723 46961 508975 15922 481074
22314 11
557856 276289 18030 37924 43903 168565 1214 124106 104295 32464 20011
85563 32
717629 806870 865158 787672 648303 73865 318105 357900 175292 29988 9434 435511 4853 8092 187623 264193 962080 911613 12167 803737 29564 162797 160737 358484 654829 471879 12309 37867 329506 694744 540091 581555
1386 54
142768 790044 835779 695781 209763 2840 869290 62151 228114 212398 245955 674335 127658 7032 108606 567694 847754 431359 440079 126480 273450 261594 54088 47508 500361 148557 142613 597395 856578 193413 158978 18273 482269 17730 710384 91879 119721 742419 544361 486489 118323 219494 126293 487100 335065 232806 697626 474573 134625 248578 333151 251971 235312 93231
229531 64
758022 25384 12721 376655 394919 3019 673065 561871 20541 939016 3022 65453 639492 623489 672676 9632 21697 18087 41355 382090 35296 5228 33784 44681 615068 631703 396433 33200 10321 702345 700989 311072 274474 375374 809357 247207 16254 594945 37155 55865 661623 741226 168593 728558 924080 446294 912733 48860 214078 575189 4243 86575 114938 564526 175676 74355 93833 66274 790555 381498 344933 31342 538800 10882
99930 28
154068 891377 20114 9930 608782 382021 544564 467569 799337 49555 166683 588920 762064 954391 982004 808263 233566 13907 524784 87534 664851 492242 2747 820774 195885 792139 564857 481349
147661 36
673842 241125 7425 445853 292747 337970 603267 583247 388150 76616 911644 10784 16889 94935 4039 79448 183213 54017 793143 202044 890552 800736 229821 221213 756302 277637 333068 323325 141339 761020 45816 168 56754 204237 723990 682545
164115 99
606305 707793 12117 157872 154 10501 138 767888 58119 27307 936851 405839 436088 241274 31879 701097 659139 40784 368637 535565 6411 285313 1915 191115 122995 201297 877695 60652 51874 164550 54617 529921 270343 84442 476613 181235 44040 167558 920210 887182 601432 307697 37291 793783 476810 47302 190217 920602 718587 641533 1374 278084 127245 554874 318313 4087 10558 18025 973510 448435 469141 268402 724742 1146 13596 487636 407004 665228 158773 128338 786838 180743 160257 704 309587 880740 39459 611240 305 677474 119368 188799 602522 10249 1074 860911 11362 177983 600632 38526 82600 333 428892 334018 671195 32980 21066 780551 439131
22541 80
143555 490398 158303 694740 30798 380816 410447 586259 229132 123074 66542 16436 67531 64941 79283 36583 106338 13002 303213 373009 18706 81157 341070 10899 9313 16640 143869 707831 531645 468725 16305 431009 31920 738491 534037 105232 86391 353519 409930 811705 655136 33041 4894 197705 325545 34380 2077 260660 569271 5045 527353 249342 343646 88297 147104 97 666786 221865 160223 98141 3667 223563 29478 837301 849490 637141 994582 793724 77999 754627 630573 933426 175132 381002 8927 382929 575072 86340 101583 47911
65882 70
7744 66436 272808 144388 442403 253939 301465 46248 226928 609467 142994 397263 54111 91286 966547 880237 245866 255968 71123 3276 23636 119937 4520 169025 117218 205127 136945 5518 171876 122637 16829 884937 110671 245790 59423 597332 236741 25826 406670 323932 325056 172491 4681 336162 255468 140 868665 28219 435359 294 14903 743276 998040 428837 342260 134619 757705 533158 343484 30385 470331 318516 192787 968178 241560 724618 257918 8032 949158 131404
108555 96
477395 18385 727730 279075 456006 486294 659748 171878 741791 399569 31450 672 783234 53698 58576 227059 77475 187986 963699 715001 10365 434942 44297 30271 574849 285733 119183 343691 538850 2105 89279 4933 107823 51035 28767 202826 111362 34573 858471 50102 591170 154792 346 940974 111127 167010 63645 94140 74970 196068 65271 89764 346900 790089 17045 565083 303828 28886 36061 321 270384 260335 9 137000 290578 234721 960925 394377 938985 155763 182257 301707 69116 216572 31844 2980 185117 200261 85116 154155 584343 552284 431875 137282 189389 727543 240854 428945 498742 251619 141778 33174 66843 473869 126442 159177
1038 28
81489 170910 92863 15299 29801 532413 355926 30917 3740 111951 836996 55202 135663 495792 263025 6231 701032 397386 35458 892071 206224 346232 12288 187235 34521 248441 635654 611713
134903 85
39184 24404 3404 21720 3601 306199 570437 854406 283772 523910 501083 634735 125698 454229 288961 372711 12068 111613 905596 391443 733720 282141 3299 604346 446986 174484 189519 238648 28427 224459 404312 327187 587967 949991 676483 211058 9926 773879 938084 652522 12 951582 954440 2217 628985 41911 134756 810766 640924 23634 54761 514569 18553 278077 191814 187611 948 46333 357932 441842 60681 321488 795049 736634 256 52743 98138 794751 18682 386679 319102 26216 147 616989 362080 981707 540754 131812 6852 996 2530 27312 21785 768640 43048
126029 24
83214 161 555343 141811 181485 28906 588995 950126 14925 53607 8456 355487 114981 16706 449457 22464 845185 578937 185599 413536 143077 953027 10961 121505
43769 43
610763 39834 745132 43859 472857 12857 593027 28 47331 292730 539863 580305 246233 612066 126990 313220 11411 295478 199827 342123 290913 276322 11477 882344 507699 98553 70899 23950 72084 492131 70065 41361 928560 195285 12212 174229 85813 81030 978684 22086 932357 348456 56289
12552 98
139540 116740 65922 803569 29419 442853 547059 105246 4593 956248 2205 540397 276152 59665 4836 725887 593352 353616 784320 898 77457 5712 797359 50056 878919 384810 732849 6074 45931 259712 3160 2 901987 694938 6977 1408 4332 283319 64723 480008 355 192432 664662 694007 357595 178346 825347 939886 206045 806075 721702 89 125413 257232 42072 289045 593852 89569 582664 76083 495055 397372 819865 65749 46673 186453 29338 366906 728008 2971 146606 289079 747691 134734 802845 759448 220456 185 709816 562102 751562 37212 44455 741152 852475 299 243518 703720 28036 371848 6460 2049 12699 94511 316236 102735 219635 9270
143 13
591832 69166 706006 357172 816803 156834 132449 442963 391645 5890 35704 219 47638
140962 33
997814 37356 343017 254106 647872 13817 671086 734 444830 504786 142526 231978 761454 275923 326494 528677 653126 944888 588662 582 46147 174898 232875 31584 483158 948906 139738 472187 903296 241311 210630 841805 40522
53540 33
242238 756 972774 152434 339648 39864 69113 990424 492774 137663 576 301064 2077 467946 666512 1957 953967 265323 51809 698625 71103 42548 692810 57090 185234 525641 842390 22384 973132 76088 234732 353836 6849
43119 82
13350 596996 22164 4952 34501 9065 691997 242118 213511 761928 607514 722325 75782 284339 149105 352762 268327 375600 93993 115456 284 106901 959265 901037 1999 321270 643360 76933 411902 721883 781013 549729 767496 175294 120474 529923 709 150587 628533 331453 560781 543 661796 64688 137844 605677 17188 236057 12249 436914 80950 7439 112313 491252 32496 12876 768826 950955 101122 160524 743559 443428 783554 662043 376582 133135 213113 8559 958566 593195 495355 233807 31645 2060 338165 352725 454985 170274 160431 53430 609190 245240
185805 65
553596 340555 235852 57725 512543 631359 392893 942254 343511 246 755787 70292 160353 224346 84516 258054 146 163998 500195 177360 115893 100 910175 371804 614262 7634 680578 153440 356796 406371 956761 883723 45512 27053 411185 135412 672716 317877 448363 44870 564932 9342 480916 458041 260421 84052 104409 851357 327458 615921 177945 568085 20985 1116 493649 289078 866 41832 302 906705 399286 867497 884847 91045 346458
5639 81
537174 244413 748874 23398 203677 912101 509801 352075 506439 387978 812884 58200 209503 41450 3536 19967 672349 38139 175402 144744 96885 66052 41300 176411 3934 876684 11 9791 234 198954 512791 663617 393561 551244 290603 229969 10621 128371 23063 942448 122052 207005 320334 306729 467111 21258 344538 36838 148151 573522 258460 44136 393005 26338 961073 866770 125446 144737 80981 42247 520626 19807 680675 598127 70352 83930 98945 147667 31926 165846 384654 265106 756476 15482 968623 307194 769536 54130 3869 1828 122073
66729 86
41194 377871 3095 2248 441963 573269 339759 320650 414664 285423 31602 52970 4943 5649 288203 393916 779407 98880 23 977580 185616 10715 114559 72117 204711 496615 396436 444 244844 11478 13403 93531 2009 179111 296478 21962 702287 149857 72126 704516 230907 894117 180544 739096 400384 195686 362293 633866 679822 164095 499103 650367 348887 26745 68911 875563 2324 632181 258460 240695 927008 304068 512685 376 151549 68386 142124 271963 669426 478225 554752 725154 156528 155372 271487 53514 570245 480564 141600 814661 66201 281795 152527 807487 46751 318370
88523 61
67221 901033 110610 813839 351115 1486 16757 11340 83197 43884 288727 234386 53267 2219 681890 159320 934328 204714 685375 117048 727546 540772 284973 117754 37241 209985 642220 167370 39947 474730 59442 276381 760026 707802 37185 261633 311715 369436 222587 652658 152731 932963 9990 65799 27406 622048 677 690979 13624 447521 234470 13633 567824 174101 30309 14871 43915 667884 671058 222213 40302
152089 72
664028 31869 508220 492584 503466 896471 995192 860523 859349 11532 13600 634791 84671 387273 640972 379602 49660 364630 347383 5998 706815 236514 471327 916018 11768 225926 661146 912152 103914 239302 45 10166 356980 272168 31654 518626 174507 55532 239277 979453 152726 1362 669835 36458 78096 611168 326314 575462 128162 182417 235718 277996 3090 688493 541635 497854 50739 485977 207959 41703 231107 19805 1628 844156 203 47326 370353 5113 199918 443322 420236 505334
170922 68
140 127779 2613 29135 167665 27102 82972 26887 952851 350395 13289 1673 8055 54960 587825 743951 514470 692248 489886 563943 53032 13809 430695 976485 698753 393140 157727 1687 42103 190550 801802 28153 192525 315359 892839 235125 777827 586408 991792 205856 322441 518023 965094 863269 55530 313860 123 487735 48509 11705 800152 46161 75403 701437 394564 460966 905104 9332 248293 488326 27750 89535 115800 157556 21268 23930 362815 796553
75732 96
17 799879 280045 798631 415252 57273 269077 113536 13151 249106 397518 859893 122083 70617 431944 171566 875194 302321 736254 182516 88517 148218 41680 28719 168157 590148 350176 184214 848775 50473 5364 116455 917003 827797 178096 232572 210505 964011 177879 219889 841476 593322 97979 568038 163598 257854 43519 75258 892033 13100 152753 9245 795793 65186 92318 545812 3644 516943 90918 257613 820185 15931 2710 690384 522594 25051 248207 144108 3317 672316 550803 626 164257 349254 780181 85403 1 48398 119947 671993 949926 220444 23211 299933 435254 695852 99247 369977 98132 37269 219269 983022 35167 10 515337 91125
5136 16
789664 28314 29672 212273 363628 30492 75015 7266 1064 665101 967658 995905 1732 43007 139202 312716
245915 85
76742 479523 252400 194073 975360 141588 337365 354613 903039 916331 96986 65561 464392 812029 263835 171222 778115 677370 678398 946267 60339 107365 940285 612342 465020 10951 55684 27385 6047 99451 339784 129300 610369 105144 441184 535698 290098 493343 22453 50964 126455 306367 72734 251869 266383 384766 70617 579860 42355 432963 905490 80509 380054 130682 388119 695725 3637 296569 33202 2016 2432 749932 192865 792943 54989 227263 28963 556419 435097 697242 231236 295277 852 761167 544723 459433 804468 910709 185656 597593 507994 664396 236213 44971 144756
212426 16
11768 2596 529841 463767 489138 237901 44411 542008 579041 190 755145 34505 15168 878035 92634 795565
210808 99
425273 146576 26141 3384 917781 332675 487227 599843 16919 286707 4980 347490 120228 15087 23342 24003 431054 11616 613944 50 205755 432049 393505 741390 643783 15479 428315 884885 103911 912761 179326 278995 916282 22851 77187 876968 414012 15622 445509 830331 15784 194712 497953 606488 196558 570360 88624 15748 905732 120740 154318 453 472621 1613 13495 7327 859 993268 736 299249 549933 437443 373118 736695 495034 417551 886978 384084 431731 476889 466602 40243 316696 455216 269060 306628 346622 30784 44928 891298 625754 121861 3298 801929 696949 20304 234460 275628 653182 17432 38747 451429 283059 682120 129908 175131 26121 8224 600425
11294 98
85392 385625 27707 935525 627516 867627 386425 140486 523728 84247 880570 84 215930 102786 80284 182856 620794 269631 764631 27135 875564 2303 4876 686413 18354 991 16969 149939 238687 34480 90168 846804 799984 146 32552 10425 190170 12364 187291 516021 809139 75469 338888 123247 70519 427174 122548 119362 139799 143821 17182 523711 31241 387371 317997 286648 213661 307031 401604 455942 551703 797758 363630 588703 6441 140368 659620 941382 4730 164009 486968 268787 588024 229857 658876 264738 224570 406212 265552 397771 54620 172872 41 847592 907200 865151 68226 207138 748222 205950 178 531470 865661 403382 17448 281126 20516 855685
1488 59
736312 55 855423 993707 253785 312426 181151 1991 635705 632678 139622 127758 661179 604098 102273 661968 16846 576757 455015 339173 212932 773529 999293 720801 325570 182 26118 515923 122645 309048 414755 424779 423561 85339 912967 227396 427967 906807 553755 389674 72575 305734 733305 371877 430539 19721 518203 504570 551676 170593 102046 247095 621784 419244 534052 725138 118350 816943 91949
240262 12
332854 61145 490431 682407 86572 358168 562717 67301 45925 168903 732779 566937
3622 74
55737 459910 989069 871736 69514 14339 857940 11548 166397 289098 161832 873388 527317 172341 216944 44373 242582 962076 508205 208900 356408 258012 122266 123608 157378 277271 190202 318319 323240 767386 27361 245390 297060 511136 327309 111082 313019 699735 48944 96439 625050 641296 650179 219386 286182 13532 403891 310033 994840 78074 24161 24669 30745 69558 582667 791461 69856 329005 130548 130896 7850 674196 91480 864840 207626 80697 7695 524396 164669 998554 325049 471280 985088 22595
91704 95
682327 310048 119007 261262 214688 307552 15596 170845 578588 135740 20483 801421 795897 409882 519003 330943 480363 998274 516709 205949 756283 330997 624904 102266 110912 70995 17544 107846 589002 280379 106297 33398 585592 227143 219681 46209 660214 103220 186888 575438 154573 251678 2540 299313 490445 571241 235108 88335 620136 642281 179839 540997 25069 120714 36840 157646 147898 73749 715976 773349 602 21771 673732 249377 429521 479308 49799 317441 596111 685160 693397 130377 305628 37096 8850 154186 769002 83566 751180 3832 709527 901675 472303 59 987744 745495 945418 396864 13458 502737 16677 15368 998713 677 452213
206805 62
119315 38728 633013 183 107 84855 55568 560251 894276 127990 271558 20875 558549 748405 454020 129349 301151 819117 10950 80906 6065 644760 576400 278342 15598 29360 40168 154569 976783 477893 315841 20589 120049 120896 436813 68797 276360 970981 56629 851588 976605 162956 713494 500063 158343 198152 769929 1703 3179 890541 327955 92987 601094 393416 61701 21436 8518 407579 446771 287644 5236 365391
71353 78
774905 904134 206170 136886 558 289727 928249 295406 466617 976913 548627 83596 78182 221330 565705 934631 291 177899 48052 785244 190729 4823 812149 830817 186816 132997 993241 559973 952373 378261 589525 463311 128086 72402 360751 900819 995149 781400 425781 783652 299641 542032 82800 533556 58574 357578 896553 13635 594526 215711 110064 422255 146689 46377 35951 393430 117604 28079 34106 692969 883792 308858 95216 91356 60692 597417 14333 857933 101171 182906 149935 671262 595279 47076 45381 444962 808340 725482
858 21
54917 364908 716161 85860 575117 85962 597 117522 89100 40310 4582 610876 34632 178901 181 554499 62638 773107 67842 256793 23617
7094 12
67394 226916 346639 840650 655009 21112 93173 603575 647434 371584 317913 637724
94284 40
172735 859782 289172 172314 95551 216661 723531 99603 28366 459202 527715 942660 875352 131234 335014 288487 236729 839316 579198 1498 2046 331546 6993 4246 429023 77135 281140 24988 247876 24391 65087 862486 165544 213083 570334 176630 2373 627208 43468 96816
44549 40
889990 531852 177384 6584 181558 707978 300353 569562 5148 815922 681132 189139 3010 55927 8397 374371 719888 508088 345539 3364 498309 65686 124430 410755 243153 562015 747336 392006 47774 56338 500647 803 23281 380943 753148 27546 89907 378028 893 882758
60 16
109343 253966 718523 83873 930047 464603 4947 33993 395343 389888 340503 283855 782761 207958 29393 634394
121295 22
431107 30960 770224 63668 26363 297395 720887 681072 998113 87910 66716 819153 38141 408031 310986 791552 9989 446047 325430 1795 684841 635326
106579 16
1213 411557 431359 502770 171992 297250 304865 881857 94200 68255 1002 14491 384677 873166 434806 505457
72247 92
345125 356980 100597 304030 624288 24607 189431 249 781573 14162 146999 480139 156503 338202 473022 617417 897 210599 838923 224342 891691 196705 366863 551969 85807 39792 465865 362268 22239 906291 131363 658001 421553 343489 576506 844305 127530 130708 250386 94412 161214 435125 319357 226652 535165 392511 171193 527588 100725 486622 612007 415621 49259 101515 561293 372045 58403 199790 267757 16960 869862 33389 465076 42326 730 751867 706309 845238 89059 415287 703699 615773 468198 32396 334046 731338 10546 146494 601981 4446 1440 19046 16891 53980 8280 509875 3 98939 396731 494635 771338 2835
33344 80
18077 756817 32 987040 723360 405827 804550 904244 107000 991790 356496 77837 587361 525592 871709 13306 881028 251269 7630 103827 113929 34542 340839 993366 206614 44779 6376 987 36880 73119 672768 3177 607513 776737 299974 160 189393 787501 587807 498183 984129 82213 774043 543112 306529 795394 217413 231010 5960 22775 757593 2119 566473 964878 121968 698601 141835 792023 284673 36084 155281 27474 511052 245310 189741 168557 7356 338971 526128 268875 96047 97977 133630 324675 452857 493800 92 60442 434611 768828
172555 15
319866 909807 568471 412002 347844 668836 342476 30699 871135 842108 28453 37418 50150 2619 375236
218384 15
12859 88 404777 415894 572469 70929 881701 660368 160518 755 759343 5045 543887 549512 8164
23489 64
42437 307563 141280 9631 1120 30168 223123 532359 25032 290559 159466 194744 894325 251 84889 77227 917186 49210 118050 512381 887479 20013 223884 442373 2889 343911 78885 55 29829 36479 481001 413279 31202 1719 268506 338943 1387 847785 27971 51005 539761 2572 129955 219614 271369 752590 7 43939 812998 258867 879603 184104 52053 30147 104428 763840 4892 94536 887474 426737 329908 390942 95831 494886
86317 23
456107 623271 33441 11601 386151 559257 215688 336630 238673 167383 350295 958567 462 605973 163679 74903 989546 7881 36434 221649 173687 425858 559876
