100
3 8
5 6 9 4 8 2 1 7
3 1
2
3 10
2 4 8 16 32 64 100 100 100 100
3 10
1 4 4 4 4 4 4 4 4 4
100 1
100
3 5
11 20 60 22 100
2 10
100 100 100 100 100 100 100 100 100 100
3 5
100 100 100 100 100
3 4
1 6 12 49
2 6
9 64 19 16 81 80
1 10
100 100 100 100 100 100 100 100 100 100
1 10
1 1 1 1 1 1 1 1 1 1
3 3
32 24 44
1 8
22 25 19 26 1 54 62 34
11 9
1 88 49 14 13 9 4 17 86
9 5
83 15 5 9 4
18 2
1 27
1 5
75 14 17 59 60
10 9
60 25 39 1 4 79 1 58 92
1 7
36 53 57 64 23 29 90
5 6
1 31 47 47 42 66
21 1
11
4 8
8 92 46 20 25 17 48 63
4 7
2 35 4 63 22 5 36
2 3
9 75 1
12 6
38 75 7 53 51 1
13 3
54 21 53
1 2
3 10
19 9
6 52 12 15 68 88 76 43 55
4 6
94 1 1 50 18 70
1 8
41 18 12 32 79 99 1 6
2 7
4 95 26 2 95 1 7
23 6
57 83 67 10 59 94
1 8
4 52 9 88 24 57 73 84
7 2
8 24
12 1
22
3 3
3 93 9
2 1
43
1 6
81 55 1 1 3 1
5 9
80 17 39 49 16 34 62 77 15
3 3
51 60 26
13 6
3 70 7 63 2 1
10 1
85
1 9
20 64 56 1 8 67 69 61 52
1 5
74 47 7 36 33
1 1
27
13 4
79 3 98 13
13 6
4 13 33 74 47 3
22 8
8 1 1 32 14 2 27 39
1 5
7 1 48 9 85
13 6
6 95 81 74 69 55
23 4
41 40 56 54
14 8
26 29 8 14 16 1 43 36
1 9
2 6 30 39 5 62 6 14 89
4 8
95 87 31 55 24 19 9 10
22 9
28 28 85 7 3 56 20 76 1
12 5
67 3 21 59 7
18 4
93 42 79 20
12 2
4 48
14 2
23 1
24 4
99 6 75 34
13 9
15 12 14 13 1 30 46 9 48
11 4
37 40 14 13
1 7
27 31 7 87 1 17 4
21 9
25 2 1 85 20 2 10 18 18
5 6
11 38 10 59 91 16
17 6
1 54 11 18 63 89
1 6
41 20 48 8 89 31
17 2
51 1
9 7
1 40 32 11 5 46 38
1 5
1 39 84 6 11
17 6
15 89 84 2 20 48
1 4
11 1 3 11
2 9
48 54 84 1 11 84 93 1 5
20 9
3 54 57 8 14 50 1 42 6
1 8
2 46 26 1 6 25 27 81
2 8
23 66 49 1 2 57 6 2
2 2
26 24
4 9
38 27 42 10 86 2 4 1 5
7 6
2 55 27 69 6 2
1 6
97 14 61 2 3 23
4 1
1
1 6
83 95 41 15 79 9
1 6
31 60 65 79 1 9
4 4
28 24 69 11
2 5
63 24 19 91 6
5 7
61 82 9 98 25 68 28
7 5
61 17 1 31 57
17 6
2 27 32 58 25 1
8 6
1 5 32 11 49 14
2 5
17 23 38 89 51
4 5
6 14 68 17 28
1 6
15 7 17 7 67 3
7 4
1 13 88 8
10 8
19 21 84 36 69 71 10 49
15 8
75 3 51 11 1 85 7 19
4 2
24 8
6 1
2
17 9
6 1 1 9 11 21 25 68 80
1 9
74 16 4 60 78 1 14 83 3
