10000
8 29
10 59
8 92
5 25
3 16
5 71
8 45
8 50
4 29
5 8
5 89
8 73
3 20
3 12
6 98
7 76
2 41
4 100
2 12
3 41
5 89
10 61
2 16
2 18
10 82
6 91
5 35
5 54
9 85
1 3
6 92
8 77
3 96
4 16
5 76
5 31
2 12
8 19
9 93
8 36
9 37
10 68
2 13
4 25
4 41
9 38
7 15
10 30
4 63
2 73
7 14
6 20
9 15
5 12
6 75
5 18
10 82
7 80
4 35
2 19
4 79
6 98
6 90
3 77
5 20
2 6
10 54
3 18
3 62
8 94
1 37
4 78
1 80
10 65
8 86
4 12
2 85
10 17
10 37
7 52
7 58
9 0
2 59
4 12
8 16
4 34
5 9
9 59
5 96
9 100
7 82
4 95
6 41
4 84
2 97
3 74
1 93
2 78
1 79
7 3
3 90
4 19
5 46
5 6
7 38
4 67
6 53
5 49
3 100
8 79
10 76
1 68
2 84
8 80
5 61
3 98
4 35
10 92
8 68
7 21
8 25
3 20
3 38
2 74
6 31
6 45
5 44
6 100
6 12
4 45
7 46
2 54
6 70
3 92
8 4
10 41
7 81
9 71
3 14
4 53
2 22
2 4
6 17
7 2
6 54
3 79
3 37
4 65
3 9
4 2
1 13
8 27
3 59
7 54
2 100
8 79
9 86
3 24
7 56
5 29
7 15
10 30
1 68
7 16
5 1
8 76
5 22
10 47
8 96
7 67
1 1
10 55
1 11
2 37
9 53
6 18
3 93
6 36
9 20
3 53
3 41
10 55
8 48
7 51
9 33
9 2
5 99
3 43
7 96
8 52
4 33
10 87
9 91
3 77
10 80
1 19
1 11
1 71
8 63
6 1
1 70
7 72
1 23
2 32
8 2
9 36
5 99
4 11
2 79
8 46
10 68
1 49
1 80
2 79
3 35
5 78
4 29
1 38
7 38
10 46
10 98
1 45
2 2
1 62
10 78
3 4
9 68
2 70
7 60
7 74
6 87
3 7
4 86
10 33
1 85
6 83
1 68
2 38
3 93
9 44
8 77
2 29
3 75
9 97
10 55
3 94
8 48
2 16
2 100
2 79
9 73
1 7
10 89
1 10
8 97
7 28
2 45
7 37
3 95
1 97
10 15
4 80
9 10
9 62
5 26
4 36
10 4
9 68
2 54
5 41
2 96
2 41
6 8
3 44
5 59
10 95
6 44
1 3
3 13
6 58
2 52
10 63
4 65
3 71
10 100
4 18
5 38
3 57
5 86
6 70
8 3
4 37
5 34
4 0
4 28
8 19
4 83
1 55
4 78
9 5
4 50
10 3
5 52
1 95
7 91
2 55
7 25
5 96
4 35
1 65
2 3
4 89
10 18
7 34
8 75
7 63
8 99
4 97
8 88
5 28
6 76
3 0
1 23
1 0
9 81
7 96
6 75
6 70
9 11
7 34
5 86
6 75
4 43
2 38
8 65
7 14
5 94
3 57
6 78
5 73
3 63
8 83
1 34
8 19
2 39
1 49
10 23
2 75
6 1
5 14
9 78
4 5
7 40
8 18
5 39
6 46
3 91
3 11
6 81
9 71
9 8
1 100
1 97
9 96
1 38
1 37
6 40
2 85
3 92
5 69
1 76
3 3
4 53
7 80
9 56
6 57
9 70
3 4
5 36
2 20
9 55
5 91
3 98
2 11
7 43
6 18
1 72
2 95
6 40
6 21
10 19
2 65
4 57
7 100
9 47
1 41
2 30
1 39
6 8
2 3
8 96
1 49
1 14
7 27
3 78
6 0
2 81
9 99
3 97
7 33
3 18
8 45
7 30
8 50
2 85
4 77
9 84
10 90
10 17
8 3
3 72
2 45
10 68
1 16
4 80
7 74
4 54
4 8
1 29
8 90
8 49
2 26
1 68
5 88
3 45
9 49
9 1
6 55
2 11
4 14
9 84
8 95
7 81
8 90
7 10
5 25
7 19
6 71
1 39
2 78
1 41
1 21
2 3
4 97
6 2
10 67
5 74
9 6
8 41
6 51
1 68
7 40
1 74
6 44
9 32
7 42
9 78
1 97
4 70
4 43
4 44
2 80
2 61
1 78
10 48
2 25
7 21
6 83
3 17
6 41
6 15
8 20
4 62
1 19
2 0
7 58
8 3
8 24
8 9
9 26
6 96
8 42
4 86
7 55
6 19
9 86
3 12
6 83
8 10
6 73
4 46
1 62
3 19
2 23
2 95
8 29
4 99
2 70
1 12
2 85
1 72
8 78
3 2
4 70
5 67
10 49
10 95
1 42
9 49
1 53
9 55
9 39
6 25
4 88
1 5
8 27
8 79
5 11
6 91
6 50
10 7
5 41
5 52
10 57
8 38
9 25
3 21
5 71
6 99
6 2
1 83
1 1
2 76
1 94
7 51
4 54
7 55
3 9
10 66
9 99
6 33
7 27
7 51
2 38
4 22
4 50
1 18
3 87
8 47
6 1
2 7
10 31
3 84
3 43
2 88
2 67
6 52
7 81
10 91
1 17
5 68
9 56
5 39
9 39
9 88
8 31
2 54
1 0
1 54
3 79
1 13
1 79
10 73
3 56
7 46
1 9
8 31
8 70
2 81
9 95
7 91
3 21
8 80
10 37
1 11
4 64
9 63
5 56
7 8
8 94
1 11
1 44
6 73
5 23
7 4
7 53
1 81
10 47
8 30
2 44
7 80
2 12
1 72
1 92
7 17
5 94
8 87
7 55
9 93
10 64
4 80
3 93
9 57
9 26
10 91
4 77
10 76
5 81
3 26
4 33
9 96
1 86
7 22
8 61
4 3
9 47
3 38
6 46
3 18
6 54
1 37
8 17
6 85
7 26
1 44
4 68
6 29
9 11
2 62
8 57
6 19
5 92
6 99
5 76
9 97
10 92
10 57
5 51
10 12
5 85
4 95
6 72
5 46
2 52
6 41
9 19
3 71
8 47
2 60
7 12
4 92
10 87
4 63
2 61
10 85
7 75
7 26
7 98
1 1
8 14
6 45
3 33
7 24
7 58
3 37
10 16
6 69
7 53
8 21
9 6
3 43
2 40
3 74
1 43
8 61
6 65
8 45
1 16
7 41
8 60
4 17
9 43
2 53
9 80
2 87
4 52
8 84
8 82
8 96
10 9
3 40
2 52
7 39
1 45
2 26
1 90
4 6
2 90
5 54
5 8
8 14
4 36
6 62
8 97
1 25
2 97
6 0
7 19
10 23
7 36
6 11
2 12
4 74
8 34
2 42
1 87
10 23
7 84
9 46
8 77
6 98
3 43
2 78
2 5
10 9
5 82
10 18
7 36
8 79
4 75
6 55
9 80
1 14
6 2
8 74
7 78
10 59
5 19
7 49
5 89
2 18
5 7
10 46
7 47
3 14
4 39
10 89
10 3
8 37
8 37
1 7
4 22
6 24
5 65
4 43
5 80
5 60
1 99
7 17
8 66
2 65
3 19
1 38
7 97
8 2
4 1
5 92
6 57
5 4
4 14
10 31
10 71
4 12
8 50
1 90
9 83
2 79
4 3
9 20
4 25
10 95
6 23
10 71
9 68
9 76
4 42
10 69
1 54
6 43
2 26
9 30
4 62
1 37
2 81
3 8
3 67
1 2
6 41
3 1
5 63
4 65
7 47
7 58
3 45
9 98
8 0
4 65
3 28
1 99
5 26
7 69
4 83
2 55
7 14
7 36
1 94
3 7
1 95
3 13
1 59
2 12
8 59
5 31
1 1
7 84
7 82
10 45
1 3
3 63
4 23
5 41
10 93
9 61
4 35
4 53
6 55
10 49
6 96
9 18
10 38
8 100
3 65
8 62
3 22
8 69
1 13
5 14
9 11
7 44
9 3
4 91
9 95
6 36
5 77
10 24
8 90
4 67
4 74
4 61
8 95
3 50
10 94
5 53
4 10
9 87
6 47
3 77
6 48
10 40
7 96
5 82
7 17
10 43
1 81
7 41
4 37
6 25
10 29
4 81
6 51
8 76
8 28
5 99
7 91
4 31
7 44
5 67
10 22
9 47
5 8
10 97
1 25
9 62
8 25
6 58
7 0
6 99
9 99
1 90
1 23
8 53
3 87
2 24
7 83
6 83
7 15
10 33
2 10
5 5
2 0
1 100
10 78
3 44
6 96
7 32
9 88
4 41
2 31
2 51
10 3
6 66
6 30
7 87
9 5
6 95
5 21
9 58
5 51
10 80
8 69
9 28
5 59
9 34
9 76
5 10
10 25
9 67
9 39
7 30
4 26
9 9
4 44
8 40
10 11
5 87
6 37
8 66
8 66
9 52
9 83
10 4
4 24
9 99
10 7
10 43
2 79
1 3
3 27
3 40
8 67
7 99
2 90
10 61
6 96
5 75
5 88
3 6
10 38
4 45
3 82
10 26
6 94
2 1
1 7
8 26
5 74
3 55
8 56
7 0
6 38
4 44
1 47
8 50
10 57
8 56
9 54
3 98
10 84
1 19
8 29
6 45
5 35
7 30
5 63
10 44
9 98
9 26
1 23
3 38
2 82
1 74
6 84
5 90
6 66
9 83
5 38
1 31
9 46
6 63
9 75
5 69
6 2
9 50
7 84
1 55
7 40
9 74
9 38
10 68
2 0
8 73
8 25
8 78
9 50
3 82
3 4
4 3
5 21
1 57
9 65
4 9
5 44
8 54
10 72
6 39
8 26
2 26
10 92
5 4
6 38
4 59
4 98
6 86
5 41
4 10
4 88
1 43
5 1
8 26
3 66
6 39
2 60
6 93
9 67
3 23
10 23
5 41
3 38
1 33
2 66
1 87
8 52
2 97
6 77
9 78
4 49
9 15
5 47
1 85
4 53
4 51
8 48
4 2
8 62
9 11
4 61
1 97
3 87
3 49
5 64
8 93
1 94
10 12
1 76
4 50
8 4
10 51
7 52
10 24
10 88
7 65
4 16
9 26
3 86
2 47
1 36
5 66
7 76
8 90
9 84
4 40
7 91
3 0
6 63
6 7
8 25
7 51
5 92
10 50
8 72
9 30
9 15
7 99
1 45
4 46
6 39
3 16
3 68
10 41
5 85
1 71
10 43
6 94
4 98
4 93
3 28
8 38
8 88
9 49
10 36
10 9
5 50
5 16
8 87
2 3
5 37
7 28
9 33
6 85
10 22
2 73
3 73
9 1
9 89
10 23
7 77
7 62
1 44
3 43
3 61
6 74
6 78
8 38
1 67
1 34
5 26
4 77
4 92
6 77
10 21
8 98
1 34
8 40
2 94
4 5
8 18
4 1
10 86
5 67
7 17
4 48
7 36
3 1
8 8
9 12
1 87
3 45
7 71
7 18
2 74
1 99
5 13
7 96
9 10
7 99
4 8
5 1
5 17
10 25
7 79
8 22
6 38
6 39
5 50
7 20
8 73
4 13
9 28
1 7
3 83
5 80
6 51
10 11
2 90
9 23
10 2
8 11
1 16
10 85
3 86
5 54
3 49
2 73
9 42
10 43
8 84
9 31
1 43
4 25
7 66
3 61
4 50
2 39
3 90
2 7
8 95
4 10
8 88
6 61
8 92
7 8
3 5
9 19
9 67
7 19
3 73
1 84
8 52
6 51
1 22
4 33
3 26
8 83
3 43
3 99
4 27
8 52
8 5
7 40
5 78
8 23
8 16
1 54
10 33
2 6
10 1
6 60
3 45
10 74
10 44
1 32
7 59
7 72
2 96
10 14
3 49
1 48
6 78
7 95
3 24
7 49
1 50
3 63
8 30
10 1
8 54
8 57
1 10
1 96
3 21
4 92
3 87
1 8
3 50
9 22
7 85
4 65
10 66
6 62
10 1
7 60
5 55
2 54
6 82
7 22
3 67
9 41
6 18
6 83
10 83
9 50
4 4
1 93
10 34
8 12
2 41
9 26
5 41
7 21
7 66
7 82
5 81
4 26
4 12
9 33
7 80
4 55
4 65
1 11
5 33
3 46
4 93
4 12
10 70
8 21
10 57
3 16
9 2
2 8
9 12
1 16
4 26
8 51
6 36
7 69
3 58
9 27
5 84
5 95
9 59
3 65
2 46
7 80
1 50
9 90
5 95
10 51
10 50
6 46
5 15
3 5
9 54
9 18
4 1
3 97
9 72
3 33
6 15
8 82
5 57
8 42
10 24
6 62
7 29
9 100
9 65
2 39
10 14
5 54
1 96
3 18
6 68
8 20
6 47
2 81
8 68
4 46
7 10
8 96
10 1
6 70
1 9
3 84
7 93
8 67
5 54
9 41
3 100
10 40
1 68
10 71
3 3
9 76
9 42
8 50
9 88
4 42
3 64
6 48
9 8
8 67
3 75
7 62
6 27
4 58
6 14
3 49
7 51
2 52
7 71
1 6
5 82
10 21
3 85
4 63
2 3
2 26
10 41
3 0
2 17
6 56
3 23
7 41
6 14
4 6
9 62
6 8
6 81
10 17
10 85
9 0
7 46
2 28
8 62
10 75
6 99
5 49
5 35
9 14
6 32
2 17
4 58
4 53
9 68
9 52
2 96
1 24
4 79
4 79
7 45
6 66
1 71
1 97
4 27
2 23
7 25
3 68
10 73
9 32
4 49
1 26
1 0
3 58
1 55
10 2
6 23
10 30
4 84
3 99
8 85
1 29
7 38
2 47
8 35
7 59
9 91
10 52
2 6
9 87
4 61
6 98
2 28
3 92
3 91
2 5
3 54
4 93
10 1
5 54
2 23
7 0
1 23
9 28
7 25
5 10
8 59
5 81
6 85
10 17
7 28
5 7
4 33
1 58
1 64
5 64
9 72
6 57
3 48
4 50
5 64
3 73
4 26
3 53
10 70
9 73
1 94
6 43
2 60
9 49
2 28
5 97
7 30
3 64
10 20
7 22
1 32
10 25
6 86
1 11
8 83
7 99
3 16
9 93
4 20
1 10
9 79
5 19
5 56
10 59
6 68
4 9
9 55
8 69
4 91
1 55
1 31
3 38
3 18
1 80
4 94
3 96
8 22
1 60
5 13
9 56
5 69
8 0
9 15
3 43
2 91
3 38
8 71
5 91
3 15
3 52
8 50
1 56
3 93
9 20
7 55
2 38
9 36
1 33
1 24
8 84
7 2
7 81
9 63
1 64
8 7
9 5
10 60
2 12
7 88
5 19
9 10
6 75
10 37
4 19
3 4
2 40
7 31
8 28
1 34
7 87
3 11
3 97
6 25
5 32
4 28
8 24
6 82
2 8
8 84
10 67
8 71
1 16
1 68
8 60
2 74
2 63
4 43
8 32
8 52
4 80
10 20
2 29
4 64
2 82
10 95
1 30
1 18
7 45
2 14
2 5
3 86
9 25
2 73
1 27
2 76
9 22
8 6
2 47
5 42
6 18
7 97
9 91
9 11
5 31
9 9
4 25
9 53
2 72
9 35
9 78
6 45
10 13
5 11
1 74
4 27
5 73
10 35
2 26
2 59
6 59
1 30
2 13
1 9
4 97
8 96
3 1
4 24
7 47
6 97
6 74
6 62
1 56
2 55
7 61
6 60
1 7
2 49
3 29
4 77
8 27
9 36
3 31
10 73
6 30
3 20
2 78
1 90
4 33
9 76
2 69
7 29
3 34
10 74
4 97
9 39
2 69
6 74
4 16
4 53
1 40
4 31
1 100
8 34
4 86
8 9
7 3
5 34
2 56
2 16
9 17
5 80
9 72
3 70
3 47
4 52
2 97
7 54
10 59
7 23
2 92
1 64
3 9
1 65
6 20
1 97
8 5
3 3
1 99
1 19
8 39
3 17
2 74
5 59
3 16
4 27
10 40
7 65
8 42
6 53
10 42
9 38
9 77
9 48
2 87
2 46
7 82
1 70
6 66
3 39
3 52
4 67
10 65
4 24
10 84
1 35
1 94
10 25
9 31
8 92
9 4
5 25
1 34
10 26
7 45
2 17
7 20
3 73
8 46
8 61
1 46
1 24
4 90
2 68
5 74
10 54
7 12
3 31
10 9
3 76
8 54
8 100
9 9
4 66
7 58
2 5
3 59
3 13
1 21
6 10
3 5
2 36
8 56
7 3
7 35
5 76
9 97
1 56
1 52
7 84
4 42
10 77
4 29
1 37
10 39
8 4
2 44
6 95
4 48
3 45
9 44
4 15
8 41
7 26
10 23
1 82
6 39
1 76
4 93
7 13
8 13
2 61
7 37
5 32
3 62
8 81
4 6
5 92
4 19
6 16
3 41
4 64
1 38
8 2
5 19
5 46
8 61
4 44
4 10
7 72
4 100
4 56
10 18
8 62
4 63
9 9
7 24
6 18
7 25
1 85
2 61
6 77
4 87
10 44
4 57
1 29
9 18
3 20
8 53
7 98
6 32
7 22
6 21
2 67
7 14
3 62
7 58
1 34
8 73
4 22
5 56
10 63
8 98
6 20
3 61
10 78
9 47
7 60
5 10
7 30
8 61
9 32
1 90
4 61
2 92
3 98
1 69
7 50
4 80
4 38
3 31
8 66
1 1
7 44
6 87
4 28
3 49
10 7
6 16
2 15
6 80
9 26
6 71
10 0
5 57
10 76
2 60
4 23
8 79
5 60
3 100
6 39
10 57
3 6
2 76
5 23
10 71
2 53
7 15
2 48
8 62
5 50
10 90
6 43
4 28
2 25
5 69
8 42
5 17
5 75
6 71
4 47
8 51
3 66
6 64
9 73
1 3
7 81
8 73
7 68
4 3
7 43
7 81
10 72
2 4
3 1
8 65
8 71
6 31
8 20
6 46
3 100
9 70
3 9
2 29
1 24
1 88
5 99
5 56
3 39
2 35
3 85
4 64
9 44
7 65
7 89
9 61
4 68
7 46
1 86
10 54
3 68
9 74
10 1
7 68
6 73
6 41
6 91
8 12
4 74
4 23
10 70
10 87
4 48
8 61
5 62
8 44
1 28
6 0
4 4
5 98
7 85
2 66
7 47
5 65
8 64
8 6
3 72
3 12
3 54
10 73
5 80
8 26
9 99
6 63
3 24
2 66
10 66
7 27
7 89
9 87
6 43
5 50
2 97
10 38
6 32
2 74
6 10
8 93
7 83
2 88
10 34
1 90
5 34
7 24
6 62
2 19
10 84
8 30
10 12
5 49
4 5
6 39
8 92
2 70
3 53
10 45
10 5
9 12
2 4
9 36
8 80
8 68
3 66
1 50
9 70
1 87
1 74
3 69
4 38
6 53
1 91
6 72
5 99
5 11
8 21
3 21
6 64
10 61
8 78
5 51
6 75
4 44
1 8
5 92
1 18
4 6
8 59
10 23
3 51
2 94
4 39
2 88
3 89
9 50
8 79
3 46
2 80
7 64
10 82
5 96
3 62
1 57
3 2
9 73
4 15
3 19
10 40
2 4
4 53
4 1
9 88
3 88
5 91
2 84
4 61
5 14
4 67
2 5
5 65
4 18
3 36
5 27
2 16
3 55
2 61
1 87
1 15
6 79
3 23
5 84
1 99
5 49
9 10
1 27
7 16
4 25
3 39
9 74
10 84
9 49
2 35
9 9
6 75
10 1
5 39
7 73
4 60
9 39
7 54
4 89
4 53
1 75
1 100
10 47
1 22
5 87
4 5
9 47
3 58
2 16
10 46
7 99
6 35
1 23
4 35
7 61
6 4
1 51
7 36
6 92
6 79
3 96
9 80
5 69
10 39
5 93
7 65
8 37
2 97
4 54
8 34
8 100
5 13
4 57
8 80
4 21
5 42
7 92
5 99
5 26
1 65
3 34
5 81
8 79
3 54
7 73
1 92
10 42
7 92
8 17
4 31
8 49
4 70
4 35
8 86
1 13
1 31
10 56
10 57
10 55
7 94
3 81
6 83
9 47
7 84
9 91
3 71
6 93
8 24
7 16
5 31
1 82
4 19
8 41
10 59
5 5
7 84
3 37
2 93
1 63
3 54
10 8
8 11
2 47
2 96
6 36
5 95
10 24
3 64
1 25
2 80
8 94
10 11
8 8
3 97
5 82
9 8
10 94
1 69
1 89
4 71
3 66
7 94
1 72
6 14
2 27
10 75
1 59
8 93
1 69
4 30
10 10
8 25
6 60
4 87
4 24
1 50
1 45
9 31
8 38
2 6
7 37
10 77
2 53
7 95
8 98
4 57
5 36
1 35
10 68
8 74
8 48
1 65
9 80
4 64
1 96
7 76
5 51
10 44
6 33
8 4
7 40
4 31
2 54
5 38
9 75
2 41
7 35
10 40
1 62
9 68
3 82
7 78
3 23
8 81
5 100
7 86
4 98
1 49
7 99
7 29
8 48
7 59
4 82
1 43
1 98
3 28
2 97
9 79
5 56
7 39
7 69
2 45
3 83
6 13
10 80
7 55
6 97
4 44
6 72
9 97
10 52
1 40
7 51
7 53
9 40
8 97
9 51
8 7
4 96
6 30
7 75
4 5
2 4
10 95
1 9
9 73
3 21
3 0
8 74
10 70
9 47
7 67
8 26
9 41
3 66
9 14
1 37
5 43
6 90
3 23
2 93
6 5
7 30
1 92
6 67
6 82
1 60
4 56
1 50
9 18
4 54
6 57
8 63
1 62
5 42
6 10
3 51
4 85
10 68
3 67
1 35
4 22
8 70
6 11
8 81
9 58
9 70
2 19
8 26
6 5
6 36
1 58
1 68
7 88
4 82
1 9
2 31
7 83
5 76
10 33
7 22
4 16
9 8
7 95
9 93
7 31
6 54
5 92
1 7
7 41
4 15
8 46
4 22
5 26
10 4
3 45
7 41
8 95
6 31
9 75
5 6
10 81
3 14
9 48
2 8
3 93
3 12
3 71
7 85
4 78
1 96
6 55
2 87
2 8
2 37
1 45
8 85
3 81
7 79
1 43
3 93
4 98
1 20
1 80
9 86
5 57
10 17
6 27
10 71
3 3
5 10
10 88
10 1
1 76
4 76
4 45
8 6
8 31
2 58
3 4
6 84
8 56
5 69
7 32
6 54
2 95
2 95
4 13
9 93
3 49
3 58
5 22
9 99
9 37
6 31
5 3
4 69
8 13
5 97
2 13
6 61
8 56
9 71
5 59
1 48
7 86
6 1
7 4
9 0
5 0
2 95
9 92
8 34
3 5
8 62
1 9
8 73
9 42
1 81
9 37
7 74
2 56
2 2
5 1
9 16
5 2
2 43
8 4
3 53
1 11
6 92
4 67
3 57
4 49
8 60
8 41
7 48
9 54
5 83
10 67
5 86
1 33
2 44
1 74
6 70
6 43
6 4
2 41
5 34
5 42
2 23
3 17
10 8
8 59
6 27
9 78
10 18
9 29
4 3
3 54
2 28
4 15
4 58
6 86
2 32
7 12
4 38
5 84
4 56
8 21
3 40
5 41
6 2
9 39
6 32
3 72
8 45
7 34
7 94
10 73
4 34
8 2
2 67
1 95
10 86
2 44
6 47
10 8
3 38
2 75
8 82
5 55
1 46
10 74
10 83
8 32
2 24
8 83
9 48
8 55
3 26
6 51
10 47
10 40
6 95
9 66
4 96
10 2
4 99
4 5
6 30
6 56
8 1
4 63
8 77
2 9
9 48
8 62
6 54
4 45
9 44
3 96
1 38
3 25
4 83
9 65
10 65
6 42
6 37
9 13
4 60
8 14
4 33
4 20
9 68
10 21
9 46
8 34
6 47
3 20
7 73
5 21
9 51
10 63
5 69
2 4
4 84
9 83
3 9
3 42
8 30
6 10
3 61
10 7
5 41
9 94
6 64
9 52
9 98
6 64
5 70
6 19
7 5
8 67
4 99
9 16
4 45
2 3
10 50
8 94
4 22
9 40
10 68
7 23
7 37
4 92
4 75
4 2
10 63
5 91
6 37
2 78
5 46
3 28
2 0
4 88
1 92
8 60
10 34
10 18
6 36
1 40
2 94
4 22
8 12
1 54
7 18
2 20
1 60
2 7
1 55
2 86
4 52
1 30
7 67
8 26
4 81
10 57
6 71
2 57
6 81
10 26
6 99
2 79
1 24
3 96
3 48
7 27
4 32
6 80
2 27
10 49
5 30
9 62
2 60
2 40
3 75
9 54
5 61
2 91
6 8
1 47
7 55
9 5
6 47
7 16
2 32
5 72
5 97
6 32
1 23
2 45
10 63
9 39
6 16
3 86
6 95
7 97
2 43
7 30
7 84
3 69
7 47
5 8
9 96
9 6
2 50
6 21
9 59
5 53
2 30
4 24
6 51
2 85
5 24
4 49
7 62
8 17
1 58
6 67
8 34
4 98
4 23
7 13
9 86
1 75
10 88
9 76
10 77
8 16
5 95
10 38
9 71
8 29
8 83
7 100
9 87
10 20
3 80
2 47
10 1
1 31
8 22
6 39
3 74
4 61
9 25
5 94
8 54
4 15
6 50
9 87
9 79
4 41
5 1
8 74
10 13
9 97
10 95
7 100
9 46
2 89
7 43
6 44
1 4
9 63
3 53
5 70
10 10
2 57
9 74
7 70
8 19
6 36
7 14
3 61
1 38
2 35
4 11
3 16
8 25
1 69
8 4
10 84
2 90
10 20
7 71
6 16
3 5
9 2
6 33
4 18
7 60
9 22
1 37
4 67
2 56
9 19
6 7
6 84
7 71
5 82
3 42
10 51
5 60
10 40
1 85
1 97
4 45
3 37
9 15
10 15
9 53
7 93
5 49
4 67
5 59
4 23
2 43
8 86
8 58
3 46
3 11
3 93
7 48
4 79
10 22
8 63
9 69
5 62
8 50
10 37
3 90
4 82
2 31
2 46
3 73
7 52
3 2
5 86
6 11
10 76
9 57
1 31
1 3
1 21
3 2
10 80
1 31
6 100
10 38
9 26
7 51
10 79
4 54
2 77
8 67
10 21
7 45
5 32
4 64
2 30
10 23
6 59
6 5
7 69
8 33
4 86
3 81
6 61
9 86
5 97
10 97
2 57
7 61
3 4
6 2
9 41
3 7
4 82
7 77
6 21
4 63
4 73
8 50
4 33
1 25
1 80
4 4
9 61
8 56
2 70
10 3
6 59
6 7
6 97
4 33
3 1
7 70
1 20
7 84
10 11
6 90
9 61
3 3
9 38
4 72
2 68
5 5
6 89
2 69
4 41
7 47
2 68
9 12
2 53
2 14
5 36
10 20
1 27
7 25
10 84
7 32
5 75
10 6
8 72
8 44
9 94
3 40
7 100
1 45
4 12
3 5
8 84
1 91
7 16
7 44
7 56
8 32
3 66
5 16
5 100
9 1
3 66
9 58
7 6
7 42
3 86
2 40
2 63
3 34
2 99
5 31
4 68
4 64
5 96
9 81
4 27
7 96
5 9
6 64
8 87
2 75
10 57
3 42
7 58
7 14
8 54
4 95
5 21
7 61
9 9
10 71
1 36
5 32
1 80
3 42
7 20
8 94
6 38
9 60
4 18
3 49
5 82
2 61
2 80
10 23
10 77
2 39
7 62
10 50
7 22
6 90
8 44
9 99
7 28
9 35
6 37
1 80
8 47
5 69
10 1
3 10
7 29
8 45
7 89
5 15
8 85
3 38
6 82
7 30
3 20
10 65
5 3
9 90
5 100
4 67
8 19
4 10
7 94
5 26
9 100
7 39
5 31
2 63
7 61
5 37
10 51
6 72
6 62
4 60
3 45
4 6
7 16
8 86
2 100
5 84
7 30
4 48
3 70
8 35
7 50
7 91
9 50
10 7
2 62
3 20
2 14
9 36
10 92
2 18
3 6
10 85
8 83
8 87
9 68
7 39
10 2
2 8
9 73
10 15
10 53
6 23
5 98
2 55
9 87
4 93
1 6
5 7
1 8
3 100
8 21
6 95
10 67
9 17
4 35
10 5
2 48
2 23
7 5
7 54
4 42
8 59
1 37
6 12
7 27
10 14
1 89
8 11
2 98
9 5
7 53
6 16
1 29
9 23
9 12
6 5
8 46
3 10
10 19
2 56
3 78
3 97
7 11
4 27
5 30
2 6
8 56
6 63
3 8
8 51
9 17
5 93
2 100
8 93
1 59
5 73
6 49
2 83
4 0
5 5
3 88
6 48
6 38
10 49
9 0
8 49
10 23
7 22
5 62
5 21
6 83
4 53
3 75
2 87
2 71
2 75
7 100
6 78
8 62
7 26
5 62
9 63
1 99
8 53
6 82
1 33
3 90
10 58
1 25
9 87
4 26
7 56
5 73
2 95
10 12
4 25
6 62
7 28
5 51
10 9
5 60
1 9
8 47
4 24
5 27
2 3
5 5
6 74
2 100
4 39
1 3
9 77
3 37
7 78
2 66
4 23
3 71
6 95
1 23
7 72
8 47
2 33
3 67
3 48
1 88
5 87
10 91
10 5
2 21
3 46
2 75
5 56
7 30
4 79
2 81
7 76
8 92
7 23
4 16
3 93
3 30
3 19
10 28
7 8
4 40
1 96
8 77
4 77
4 58
9 93
6 57
2 21
1 99
3 37
7 7
5 83
7 10
8 25
8 32
4 50
7 93
4 74
3 65
4 25
7 65
9 97
1 39
3 94
4 96
7 34
4 82
2 60
4 11
9 55
9 98
4 2
5 87
3 36
8 40
6 8
10 86
4 92
9 84
2 46
3 87
8 31
8 8
8 6
5 64
9 80
5 3
1 26
3 54
6 65
1 64
2 83
1 57
6 76
5 70
5 85
7 31
9 45
7 83
4 77
1 25
3 62
8 21
8 31
10 77
6 47
2 34
7 4
3 9
7 31
8 43
1 13
3 87
8 9
8 41
9 61
6 12
1 89
6 15
7 92
5 61
10 26
2 34
2 52
3 0
7 86
5 72
1 81
2 85
5 69
9 64
4 4
1 71
1 8
10 29
7 73
5 58
1 22
9 83
6 30
3 99
10 31
6 47
1 80
8 99
1 59
5 48
3 21
5 18
9 97
6 97
10 72
10 1
5 34
3 68
1 16
3 72
4 30
10 31
4 38
6 4
8 90
7 69
6 57
8 21
7 80
1 86
8 30
7 23
1 87
5 41
5 69
8 95
8 71
8 58
3 39
7 35
6 15
1 83
9 71
3 88
3 43
9 53
2 6
9 12
2 68
8 70
2 33
2 58
1 22
1 29
7 41
6 69
5 83
10 36
2 26
2 4
1 34
2 7
2 6
8 72
10 45
10 97
6 62
4 15
4 22
5 24
4 86
7 61
6 32
4 50
3 92
7 0
4 17
1 20
5 34
9 11
2 85
1 50
6 8
2 11
3 69
5 96
8 61
3 92
2 63
3 13
4 37
6 55
7 91
7 87
5 82
10 50
1 41
1 1
9 93
6 70
1 41
8 36
7 8
2 79
3 70
8 8
5 18
9 5
1 87
10 30
2 45
5 2
7 59
9 54
7 57
7 66
7 2
6 96
10 6
10 13
2 99
9 99
3 9
5 89
2 32
3 67
2 0
1 50
10 62
2 44
1 58
5 54
4 60
1 6
7 33
5 81
4 95
5 16
10 88
3 42
10 10
5 10
5 95
6 70
2 30
5 88
10 48
9 20
3 29
1 97
1 24
5 49
9 71
8 42
4 68
9 68
2 97
6 53
9 78
1 27
4 59
8 69
3 91
2 96
9 79
10 90
5 82
1 28
8 58
3 37
1 76
7 67
5 9
7 16
2 22
8 89
10 46
3 8
5 95
2 71
9 98
1 75
2 54
4 69
6 26
8 52
6 87
8 39
3 98
5 62
4 51
10 50
7 0
9 36
6 0
2 18
10 35
6 74
6 43
2 67
9 33
2 71
5 19
2 53
5 43
8 24
7 59
4 46
1 68
6 43
8 20
1 69
5 39
8 45
3 44
3 26
1 24
2 71
10 81
2 46
5 63
7 89
8 20
6 98
9 3
3 9
7 87
5 79
5 98
8 28
9 17
9 60
6 71
7 92
7 98
3 73
2 23
5 55
2 52
8 100
2 61
5 97
3 15
6 16
2 57
5 43
9 73
9 68
6 53
9 0
8 76
5 73
5 82
9 65
6 43
8 5
9 82
3 51
4 97
4 83
10 91
7 32
9 12
6 4
2 47
5 85
9 45
3 81
7 64
9 8
1 25
9 82
4 23
3 63
10 37
10 45
4 50
3 49
8 59
1 68
4 70
8 0
8 98
6 6
3 27
1 61
10 34
8 100
6 24
4 98
6 79
8 64
10 39
3 86
2 49
5 63
3 49
5 29
4 100
7 25
10 42
8 30
1 4
9 50
7 7
1 92
1 42
8 61
3 19
3 33
4 28
7 53
2 6
7 54
10 38
4 58
7 25
1 90
2 66
6 100
1 23
9 35
7 93
5 64
2 35
3 22
7 80
6 74
8 12
8 13
4 47
2 100
9 59
8 99
8 59
3 27
8 6
10 65
10 59
2 93
5 28
7 59
1 61
10 77
7 88
4 96
8 42
4 75
2 6
2 54
4 26
4 36
1 89
3 45
4 75
7 97
9 21
7 24
6 13
10 17
8 100
3 2
10 77
9 4
10 21
4 75
1 7
2 12
3 80
8 54
1 75
10 41
1 69
5 1
9 24
9 59
7 80
4 53
8 60
1 0
9 71
8 24
2 24
10 20
9 66
3 36
2 2
2 18
2 66
7 72
2 96
5 74
1 43
7 6
9 30
8 59
3 64
9 43
10 61
4 21
10 57
7 61
1 62
10 89
6 40
2 56
5 25
1 51
4 8
6 9
3 86
5 84
9 54
3 82
8 85
2 7
3 3
10 81
4 76
2 79
2 47
8 48
8 5
7 55
9 82
2 32
6 40
6 0
8 21
4 45
8 93
5 31
1 58
5 27
1 2
7 58
7 59
1 78
6 24
9 14
9 86
9 83
7 59
3 79
10 1
9 49
1 56
4 86
7 38
2 81
5 70
3 30
3 64
3 66
8 14
1 9
2 46
3 61
1 77
1 8
2 58
4 19
10 59
8 64
10 2
5 85
6 11
2 60
2 86
5 67
1 75
8 55
6 82
7 8
3 10
6 21
5 72
10 32
5 98
4 43
6 19
8 42
8 29
5 94
10 91
4 35
9 25
8 88
5 65
3 0
3 70
2 12
2 17
1 2
4 84
7 83
1 89
2 0
9 91
10 47
6 17
3 92
3 10
2 83
8 49
1 1
6 98
10 8
2 65
7 88
9 7
8 85
10 31
7 0
3 14
9 10
8 43
4 17
7 35
1 15
8 69
9 85
1 89
10 22
2 65
2 29
10 76
3 60
3 69
8 98
2 80
6 57
3 61
3 6
8 48
1 32
9 95
6 39
2 74
2 89
5 25
3 8
8 63
1 33
9 40
8 43
7 99
4 36
6 5
8 96
10 69
10 45
8 10
3 59
3 84
1 46
2 97
7 39
2 10
10 62
8 89
9 60
5 69
4 32
7 53
3 86
9 7
9 49
6 100
10 35
4 64
4 5
5 46
1 11
3 99
5 60
4 55
6 44
6 83
6 31
5 17
8 32
2 3
10 55
10 3
5 95
7 27
4 42
3 93
8 14
10 63
7 56
7 42
2 52
8 90
1 0
4 42
7 11
2 57
5 35
5 32
4 13
2 72
9 31
3 18
10 88
8 20
2 25
2 75
8 10
10 69
8 31
10 10
6 64
5 50
7 35
4 8
1 42
1 35
1 37
9 23
6 32
6 34
2 58
2 22
9 41
3 93
5 23
10 81
5 15
8 79
5 30
5 68
6 26
3 51
7 63
2 9
6 45
8 35
5 5
7 9
1 60
9 29
5 89
3 74
10 71
1 29
1 48
7 23
1 92
5 77
7 1
2 17
4 80
10 93
3 83
8 32
1 39
6 91
9 66
2 47
6 58
3 22
6 15
4 97
1 14
6 20
7 31
6 96
7 61
8 72
5 72
7 65
5 70
10 55
5 49
10 92
9 90
9 59
4 73
3 22
2 29
9 43
2 50
2 30
9 28
5 32
10 28
8 68
3 48
9 60
9 27
1 94
7 32
7 17
5 90
7 58
5 27
2 42
2 5
4 5
4 39
10 8
5 21
9 58
10 28
1 36
8 51
5 78
6 72
9 98
7 40
1 73
7 100
3 36
8 34
10 27
2 55
7 33
7 24
5 48
5 22
4 8
1 20
7 49
9 35
8 52
4 90
7 44
5 57
4 71
6 50
5 59
9 50
10 4
10 24
4 8
7 29
2 20
10 51
9 66
8 32
7 87
4 12
4 36
1 67
8 18
8 41
10 30
7 90
6 58
3 53
6 76
6 25
7 77
2 40
5 77
5 10
6 38
4 36
10 4
4 41
4 51
2 52
6 52
2 33
6 75
9 1
9 97
3 97
5 35
7 79
8 24
9 88
10 57
1 78
7 34
1 5
4 44
10 3
8 63
1 40
6 99
10 71
1 97
10 52
10 44
7 16
9 32
7 86
2 39
6 27
10 96
3 40
9 52
5 77
6 20
6 98
10 24
4 76
5 9
2 73
8 73
7 57
6 67
9 58
8 9
9 100
6 38
7 84
10 42
4 91
3 52
9 48
8 91
8 35
5 7
10 50
5 93
6 86
7 52
10 64
3 6
3 63
1 61
1 85
6 56
7 65
8 24
9 64
7 40
10 45
3 40
6 51
5 78
7 20
2 32
5 92
8 25
6 91
10 59
6 71
8 67
10 11
3 36
6 1
2 16
7 61
3 81
3 58
3 9
4 61
4 9
6 66
1 88
5 37
6 31
9 22
5 6
3 49
6 73
4 2
5 17
6 67
2 71
10 83
1 62
5 29
3 46
3 3
4 70
10 77
9 23
10 50
8 61
7 57
2 21
7 1
4 93
7 17
8 13
8 18
6 31
7 79
7 34
9 26
2 67
2 15
2 95
5 8
7 3
1 49
6 65
2 20
9 58
6 40
5 23
10 93
2 98
5 14
7 35
6 10
1 98
3 87
2 69
8 58
3 85
6 8
9 63
10 58
6 13
1 19
9 75
6 34
10 94
10 92
6 81
6 57
4 31
2 100
6 16
10 91
3 57
7 59
2 15
2 10
3 65
2 25
9 52
10 75
6 43
8 67
5 75
4 77
5 88
6 41
3 47
9 86
10 86
3 28
2 11
7 5
5 74
5 9
6 93
1 8
9 24
5 10
7 40
4 94
7 76
5 25
4 24
6 46
6 60
8 28
4 83
10 13
9 20
1 88
1 80
8 46
3 97
10 17
2 48
9 41
4 62
8 89
9 0
8 43
8 88
3 14
5 64
1 83
7 33
10 84
2 21
10 18
2 44
4 17
4 92
6 10
8 55
7 53
1 3
1 73
6 0
2 28
9 66
4 22
8 25
2 39
5 37
8 85
4 46
4 74
5 90
5 85
6 69
5 78
7 13
9 99
3 70
5 95
7 10
5 99
1 19
7 53
10 20
8 45
4 26
7 56
1 51
3 1
2 55
2 68
4 94
10 20
7 50
4 83
1 38
9 25
4 69
10 38
9 80
3 38
7 27
9 29
9 67
9 97
4 10
6 70
9 15
10 34
9 19
3 62
1 98
3 3
5 32
5 76
10 74
5 65
8 68
1 10
10 34
5 91
4 34
4 94
4 63
10 29
5 69
2 6
7 75
8 14
6 83
5 72
3 37
1 4
1 47
9 46
6 98
10 83
6 12
4 32
9 90
6 90
3 17
5 64
6 39
2 8
8 47
4 16
10 41
5 12
4 89
3 82
1 54
7 6
9 29
3 100
2 72
9 28
7 22
9 87
3 70
4 62
10 95
1 71
7 77
1 51
9 57
5 83
6 94
10 91
9 4
2 99
7 20
10 60
9 20
1 29
3 5
1 31
3 33
5 89
6 42
4 88
2 56
2 62
8 21
10 32
1 70
3 86
5 4
3 92
2 16
5 52
8 50
8 7
1 55
1 6
3 73
4 18
1 0
7 87
2 53
9 11
9 79
7 64
3 27
2 78
1 68
6 56
2 29
2 34
7 98
6 17
1 58
6 52
10 12
6 18
10 60
1 27
4 7
8 17
7 57
7 32
2 0
9 4
4 89
5 100
4 39
1 81
2 86
4 89
5 85
2 39
3 52
5 44
9 66
2 86
4 57
5 6
8 25
2 26
5 52
8 74
2 94
2 75
4 0
10 61
4 78
7 59
9 93
2 83
6 2
7 19
9 76
2 53
5 21
1 91
7 28
10 52
10 4
7 27
3 59
3 64
2 65
1 68
2 46
4 16
4 20
1 43
9 49
10 1
5 43
1 29
7 94
9 73
7 12
3 38
8 32
7 28
3 79
1 84
7 35
5 86
5 72
6 9
2 30
3 49
9 36
2 16
6 27
8 84
7 69
1 71
10 88
4 7
5 11
1 15
4 81
9 80
8 16
7 71
8 7
3 71
1 41
3 25
9 39
6 100
6 99
9 8
3 91
3 70
2 12
3 99
2 98
9 72
2 1
9 45
4 6
9 7
4 44
9 34
3 34
1 63
2 37
1 75
8 56
9 98
9 79
2 72
8 41
4 33
3 65
8 27
7 88
1 83
1 48
9 20
4 60
9 84
10 47
1 17
2 1
9 76
4 23
1 26
9 5
3 58
2 67
8 95
9 98
1 65
9 17
5 12
5 4
4 27
10 36
8 56
5 7
5 57
6 58
6 62
9 79
7 32
4 34
2 19
3 84
10 80
1 17
5 41
10 46
5 59
10 5
5 15
3 65
7 84
3 21
2 56
7 64
8 17
1 71
10 39
5 19
10 89
5 81
3 89
6 53
2 1
7 59
2 99
9 5
9 37
9 50
8 11
1 87
3 96
6 21
1 74
5 83
4 10
1 75
4 5
6 21
1 9
2 11
8 83
7 23
8 40
5 88
3 6
7 31
10 48
6 70
1 84
3 83
4 14
10 63
6 84
7 3
7 57
8 45
10 7
7 53
8 65
3 78
6 76
7 41
5 39
6 35
3 8
5 65
6 11
1 45
1 58
10 35
5 75
3 21
3 0
2 28
4 15
10 73
6 50
4 64
9 38
5 69
7 39
3 19
5 38
2 86
9 86
4 89
2 97
5 74
4 20
7 85
2 63
1 92
10 93
8 30
10 97
4 31
1 34
8 13
5 39
1 92
3 50
3 72
4 99
10 30
10 28
4 22
6 94
10 45
1 29
9 64
9 87
10 19
2 24
7 58
10 89
4 80
2 45
3 21
8 20
5 14
1 50
3 7
10 0
7 38
3 33
6 88
3 57
9 13
8 24
5 98
5 96
6 19
7 96
10 67
10 28
6 56
7 0
8 51
1 32
1 56
4 38
6 82
8 61
4 73
1 53
8 54
4 23
3 41
3 60
10 80
5 77
4 3
2 21
5 23
1 53
2 44
8 98
5 39
5 19
7 37
5 19
9 19
10 73
5 72
3 94
8 15
3 17
9 37
7 63
4 1
9 8
2 36
6 86
7 96
9 81
3 69
1 60
8 29
6 13
9 75
2 37
10 25
8 75
3 41
9 71
1 74
5 22
6 100
1 97
3 74
5 65
3 85
8 42
6 38
7 17
8 79
3 73
2 47
8 65
5 57
6 11
8 3
10 26
1 16
2 59
2 98
4 98
9 89
7 7
8 44
3 9
5 12
5 52
5 49
10 91
5 27
6 52
2 74
8 21
2 45
2 93
5 94
7 4
2 64
1 24
2 37
5 77
4 67
4 90
7 24
7 65
7 20
10 78
5 47
7 90
7 62
10 4
2 86
8 14
2 11
7 17
7 48
6 54
7 57
4 62
4 3
6 36
5 43
3 10
2 46
10 66
10 4
6 56
6 10
6 84
10 95
7 19
2 18
10 73
4 68
5 34
8 91
6 56
5 98
10 21
10 20
9 61
1 62
5 80
3 91
6 25
10 96
1 43
2 71
8 52
10 24
10 16
1 74
9 3
1 49
1 61
4 11
9 63
2 30
10 32
1 72
8 33
7 23
7 13
5 9
7 70
1 69
10 0
4 73
9 89
3 25
5 60
9 62
9 65
1 68
3 40
5 100
3 39
10 42
8 5
4 62
1 28
4 3
3 38
10 78
1 38
5 81
5 17
4 89
7 98
2 8
7 91
9 10
8 72
3 77
6 71
6 46
4 42
8 92
9 40
1 37
10 22
8 18
4 72
5 21
1 59
7 97
9 74
1 6
3 59
3 1
3 95
9 79
8 80
1 55
5 99
4 30
6 100
6 20
8 65
3 61
3 88
6 77
5 86
6 44
9 46
4 12
10 54
1 74
10 27
7 86
10 28
2 57
8 79
4 72
10 24
2 29
8 49
10 33
2 17
9 73
2 7
4 100
6 72
1 39
2 61
3 1
1 57
2 46
8 28
5 99
4 28
6 72
5 91
1 50
4 42
1 28
3 14
1 16
10 8
1 34
10 84
1 80
9 21
8 51
3 15
6 33
3 4
7 24
10 74
2 34
3 32
8 47
9 56
6 26
4 43
4 52
9 57
8 13
2 49
3 65
3 26
8 95
10 77
8 22
8 92
7 27
4 38
4 60
2 75
6 98
9 39
2 23
7 19
2 60
7 16
4 43
1 17
1 23
4 89
9 39
3 98
7 60
10 82
1 42
5 54
5 11
4 89
2 39
4 79
4 47
1 51
1 48
5 49
1 11
9 51
5 83
8 43
4 28
1 92
5 91
9 60
2 91
10 84
6 80
10 2
3 10
1 58
4 92
2 66
3 14
9 66
9 48
2 21
4 88
8 18
10 6
10 40
3 32
10 3
7 65
3 12
2 65
1 86
6 45
4 71
4 2
8 74
10 26
4 37
6 66
8 94
1 67
9 27
5 83
5 1
1 55
5 77
9 73
6 51
7 33
10 24
7 24
3 78
5 43
6 78
6 31
2 39
9 96
7 34
5 37
9 89
10 42
4 93
4 74
4 2
9 57
3 34
7 46
10 97
6 9
4 58
8 92
10 11
6 52
2 49
3 94
4 4
4 100
5 59
3 23
4 53
3 91
5 90
9 16
3 14
10 1
2 51
8 96
2 82
8 92
3 85
6 100
10 85
10 100
5 98
4 32
8 94
1 68
5 52
2 25
7 14
9 99
7 23
3 48
10 72
8 82
8 29
10 46
4 19
1 16
1 40
1 41
6 76
9 34
7 61
4 20
9 31
2 100
9 61
4 86
6 36
5 83
6 65
9 8
9 16
5 70
7 94
7 68
7 55
2 58
10 57
1 28
7 21
3 7
5 28
6 57
9 82
7 33
5 67
9 56
6 79
8 96
10 78
3 7
9 100
9 42
5 42
5 32
7 38
8 15
9 65
2 62
6 99
7 22
2 10
4 68
7 91
10 29
6 85
2 32
4 8
1 11
9 4
3 96
10 38
4 32
9 12
2 5
6 98
7 21
1 81
10 40
1 59
9 83
1 52
9 22
9 38
10 87
8 3
7 63
1 97
9 12
7 73
5 72
6 84
9 50
2 9
3 26
2 17
4 87
3 39
10 76
4 23
7 31
6 51
1 65
4 76
4 56
4 2
8 84
5 34
3 78
4 16
1 2
6 77
10 71
4 91
6 60
3 86
1 5
2 61
7 8
4 58
1 3
6 71
6 5
4 1
6 24
4 57
6 6
8 79
5 13
3 33
4 80
4 35
1 65
3 18
6 59
9 52
9 50
3 56
8 66
7 37
5 3
4 39
3 84
4 22
9 75
1 33
3 19
9 16
3 5
9 50
8 34
9 89
7 63
5 8
10 19
10 78
5 57
7 8
10 44
2 55
6 52
5 4
10 83
2 39
5 17
10 20
2 49
8 74
5 76
5 58
9 88
5 20
5 89
4 59
4 74
8 76
5 17
8 13
7 43
8 9
8 40
5 44
7 76
3 36
10 21
7 86
9 37
4 68
2 14
2 13
1 80
8 89
2 34
5 56
2 97
10 51
9 61
9 18
1 4
3 64
8 94
4 58
1 33
2 28
4 9
1 87
3 4
4 68
10 84
5 22
7 78
2 29
8 13
1 93
10 9
5 63
1 50
10 84
6 82
3 6
1 63
5 0
7 66
3 16
9 79
5 32
3 17
8 0
1 74
2 71
3 61
5 7
8 62
3 5
7 37
8 22
6 82
2 69
4 82
7 13
3 20
10 33
8 14
4 62
1 78
3 18
2 99
5 80
3 62
4 42
2 9
10 5
7 92
3 16
10 46
5 90
4 25
7 80
2 49
1 43
10 43
9 23
2 45
9 63
2 3
5 12
1 47
10 4
6 72
10 59
7 49
5 96
7 87
4 55
9 0
7 48
5 69
9 85
2 42
5 31
3 87
9 20
1 67
3 4
6 71
9 50
4 33
9 32
10 8
7 81
6 75
10 77
2 74
5 13
1 47
6 23
9 76
5 1
7 66
10 9
8 38
7 99
8 83
2 78
2 55
8 36
9 28
4 95
10 64
7 71
3 72
9 48
1 26
9 27
10 21
2 72
2 28
7 24
3 45
1 45
7 28
8 59
1 74
10 87
5 3
1 31
6 92
6 85
5 45
4 87
4 46
4 36
7 62
3 9
6 16
6 99
5 99
7 7
3 85
8 97
6 58
8 95
6 28
6 19
7 14
2 16
6 12
2 29
2 46
8 15
7 54
6 95
3 7
4 35
7 77
7 32
3 67
9 55
7 63
1 48
10 3
2 60
9 5
10 48
5 62
8 48
8 18
5 48
6 57
3 21
4 32
3 95
9 28
6 81
2 7
4 25
3 34
2 35
10 69
4 82
3 17
7 22
7 69
8 64
1 58
2 34
4 66
6 67
9 2
1 52
4 49
6 17
5 49
6 1
4 51
6 11
9 8
9 8
8 90
6 66
8 79
9 93
5 34
3 100
4 39
4 84
1 13
9 22
9 76
6 11
1 88
1 66
5 8
2 96
1 22
4 87
3 16
4 94
5 34
8 62
6 30
7 67
4 97
9 52
2 91
8 62
8 21
6 83
9 100
8 65
4 88
9 40
1 19
8 17
7 25
6 33
10 48
10 14
1 8
3 17
3 77
2 44
7 82
7 44
10 73
10 30
5 95
4 93
6 21
3 4
8 39
1 23
1 42
3 88
2 41
3 28
1 23
1 39
6 91
1 32
6 45
10 32
4 78
10 46
3 29
8 5
2 57
6 63
5 68
1 37
4 9
5 18
7 5
8 70
7 80
5 5
9 63
6 28
3 25
7 2
4 42
9 99
7 93
8 21
2 85
1 73
1 98
8 18
1 0
6 30
4 43
7 19
2 38
1 3
3 63
4 86
7 61
5 55
1 84
3 92
10 62
2 56
5 20
7 80
1 56
4 28
4 22
10 43
8 67
10 46
3 14
5 13
4 18
8 68
8 26
7 45
10 57
1 84
9 48
4 44
1 99
9 3
9 54
8 34
5 92
3 72
2 26
9 96
10 82
2 76
7 11
6 92
9 35
8 43
6 78
3 82
8 30
7 32
3 89
5 5
5 95
2 36
4 85
5 88
8 46
5 86
2 59
4 84
10 2
10 50
3 17
7 25
9 30
9 83
5 7
3 0
4 1
1 98
7 42
6 79
7 62
9 50
5 79
7 91
1 3
3 4
10 12
1 20
3 15
8 89
3 85
5 75
8 89
2 48
5 36
2 39
7 75
5 32
7 73
10 20
9 3
7 21
8 82
1 37
5 82
8 96
1 93
2 61
7 83
10 98
6 4
3 32
10 32
1 19
5 21
4 79
5 58
7 50
9 91
9 27
4 14
3 79
4 91
7 45
10 59
7 74
3 53
2 86
3 87
7 77
3 83
7 79
2 54
4 81
7 61
4 28
9 28
10 70
4 60
5 92
7 89
4 15
10 75
2 66
1 76
5 58
9 94
2 40
6 35
6 76
8 94
7 92
5 46
1 83
6 76
4 72
6 17
1 65
2 57
4 36
3 98
2 46
3 5
2 71
1 83
10 65
1 73
6 8
4 8
2 35
6 98
1 22
1 16
1 7
4 62
7 93
7 79
2 53
2 99
5 42
6 2
6 80
8 76
7 64
2 95
6 83
10 21
1 73
8 52
4 32
9 0
1 92
7 8
3 62
2 33
8 68
5 78
1 35
4 45
7 17
1 39
5 29
1 16
5 5
10 45
2 4
3 70
1 36
6 59
8 21
1 16
6 25
1 96
5 99
5 1
8 58
8 20
10 91
9 58
3 62
3 21
3 29
7 36
9 75
1 12
5 7
7 70
5 48
8 78
1 10
1 13
4 87
10 10
4 69
5 49
4 23
1 42
4 54
4 47
8 39
10 24
7 34
4 20
4 7
7 43
8 87
8 88
7 69
2 74
2 54
10 13
9 1
7 62
3 88
6 36
10 97
2 41
1 92
2 57
7 26
8 43
2 42
6 82
7 93
10 77
9 24
8 67
9 98
6 12
2 82
9 83
4 18
9 27
10 46
6 36
7 74
9 22
2 16
9 57
1 38
2 3
2 15
2 44
5 62
10 89
5 27
4 0
7 61
6 52
5 80
9 4
7 99
10 49
1 64
4 51
8 51
10 59
3 74
10 5
10 79
8 39
4 39
8 6
10 18
4 70
6 83
3 87
2 55
8 26
2 92
10 37
5 90
7 23
5 66
8 7
6 54
7 39
3 9
6 98
3 5
10 4
5 78
2 82
4 82
5 43
1 83
4 37
10 4
7 60
7 82
9 94
9 70
8 72
10 16
10 46
9 66
8 79
2 36
9 90
10 13
7 66
10 47
1 51
9 47
3 29
3 58
9 55
1 64
6 36
3 100
7 90
3 43
5 100
4 46
8 25
5 23
2 57
2 60
9 31
6 35
9 96
1 98
10 73
3 23
10 25
5 90
3 94
5 16
2 59
4 86
1 41
5 16
5 29
1 45
2 43
7 60
5 75
10 77
1 31
2 89
2 37
9 51
3 26
10 29
1 61
2 6
5 29
2 44
2 84
9 63
5 92
5 17
9 51
8 27
1 66
1 18
5 35
10 88
2 35
8 15
2 48
1 51
4 10
1 11
2 54
10 15
10 66
9 77
10 16
2 15
7 50
8 93
4 11
2 88
4 62
2 59
7 32
1 23
2 39
6 72
8 82
5 19
4 94
3 92
2 87
1 12
10 67
10 1
4 45
10 56
7 99
3 99
8 41
1 50
8 4
2 68
1 99
6 31
6 6
10 48
5 58
8 66
1 39
6 100
4 64
8 83
7 39
7 23
7 18
4 35
5 93
10 91
7 98
1 12
6 58
3 40
4 14
7 55
7 87
8 0
5 10
7 64
4 19
3 22
8 93
8 96
8 45
8 99
5 45
4 15
10 51
1 78
10 53
8 22
1 100
8 23
9 54
1 35
4 23
4 54
4 12
7 14
9 71
3 59
4 94
8 35
7 52
3 90
1 44
6 54
3 4
1 65
3 36
3 53
6 26
5 23
1 30
8 41
4 38
1 22
8 0
1 46
4 15
2 91
5 34
9 50
8 25
10 6
1 69
2 54
6 63
7 100
3 0
7 2
5 15
4 1
9 60
6 14
2 78
9 97
6 49
3 75
2 38
6 41
8 76
3 98
3 36
8 92
4 74
8 41
9 92
8 97
6 61
4 0
8 82
7 20
3 75
5 87
4 59
3 25
10 96
10 85
9 12
9 22
1 49
6 2
4 80
1 61
2 16
6 92
4 29
10 9
2 20
6 93
10 67
5 18
4 29
3 16
9 27
2 95
10 63
3 82
2 50
4 66
9 52
2 66
1 51
9 98
8 1
10 78
3 13
3 3
8 2
6 86
6 55
10 70
6 47
2 8
1 47
3 5
8 30
6 68
1 18
8 50
2 35
8 67
9 68
8 63
4 66
6 41
6 96
1 18
3 55
6 5
2 5
4 46
10 63
9 80
6 83
8 79
1 88
9 21
5 91
6 65
4 85
9 75
4 78
3 87
10 40
7 71
1 65
9 59
9 71
4 3
1 79
2 8
2 22
9 8
6 55
5 53
4 3
6 87
4 75
4 98
10 0
1 88
3 46
4 5
1 43
4 99
1 29
9 73
5 18
7 50
3 11
7 0
10 53
4 26
10 89
7 68
10 84
3 5
6 81
4 93
2 6
10 6
5 97
9 96
2 39
10 97
5 99
6 72
2 71
7 43
8 68
4 46
3 42
4 58
8 35
1 88
6 92
1 4
10 33
1 28
7 57
10 100
10 52
8 83
6 79
10 83
2 41
5 97
5 30
4 100
6 10
6 29
5 8
10 0
5 85
7 52
10 52
7 56
4 90
10 60
5 25
5 36
3 36
8 75
8 24
4 72
1 100
5 53
5 70
2 1
1 90
8 29
9 59
5 96
2 33
6 57
1 83
9 12
8 64
4 5
10 5
7 45
8 3
9 1
2 73
3 19
3 53
6 76
9 46
8 31
9 70
6 54
1 30
2 31
10 71
1 78
1 92
9 46
1 34
8 55
10 4
9 33
8 92
1 54
7 84
1 83
9 5
8 12
8 2
2 93
8 80
6 11
7 19
8 12
4 19
5 24
6 54
9 92
5 99
4 14
7 49
10 80
5 55
2 19
5 48
4 68
4 25
7 12
3 38
8 37
6 84
2 66
7 10
5 48
2 62
3 39
3 53
5 30
1 94
1 3
4 56
7 74
7 100
2 41
4 89
5 99
2 100
9 53
5 64
1 58
9 34
5 89
4 19
1 4
8 84
4 57
3 63
8 77
9 27
5 13
7 50
5 81
7 38
5 67
4 23
10 15
2 60
4 28
4 90
5 25
3 55
7 39
7 27
8 63
10 0
3 58
6 72
3 100
8 24
8 76
10 49
6 49
3 55
3 33
5 36
2 5
3 43
1 11
8 19
5 52
10 0
5 61
9 15
3 55
1 62
3 77
7 29
4 42
4 52
6 58
3 58
6 96
10 50
3 79
4 47
6 94
1 0
8 45
5 66
8 13
2 70
6 91
6 61
5 12
5 83
4 80
10 29
1 76
10 40
6 85
2 19
1 38
7 32
8 53
2 75
1 71
2 25
9 89
6 62
6 56
8 80
4 53
2 11
10 97
6 14
5 69
1 48
10 59
5 45
9 48
10 50
3 11
10 65
4 9
1 10
2 26
9 84
3 93
8 26
6 97
10 29
4 18
1 35
2 67
2 49
7 34
5 70
6 21
10 99
1 89
1 14
1 72
1 97
3 35
10 51
7 74
6 49
6 8
7 45
5 50
8 32
9 94
7 0
1 50
10 63
7 64
4 34
4 93
5 88
1 58
5 53
9 39
8 97
3 7
8 56
1 56
10 94
4 32
9 48
1 41
8 99
7 19
6 78
9 31
7 54
6 9
6 81
6 14
8 18
2 43
6 90
6 46
10 67
3 85
7 90
6 89
10 19
2 15
4 70
7 71
6 1
2 97
10 55
10 32
9 17
2 8
6 1
2 75
7 40
1 57
5 32
1 27
1 67
5 18
3 26
4 90
4 17
2 63
1 87
2 48
5 3
6 68
7 26
5 90
2 74
4 17
1 94
6 87
5 57
6 0
8 50
5 99
2 15
2 26
10 74
5 3
5 75
10 12
7 10
7 27
1 74
7 66
1 66
1 77
8 87
3 39
2 86
3 52
1 60
1 95
10 62
1 61
3 46
9 57
6 4
10 24
8 99
10 98
1 37
5 6
1 88
1 95
6 51
4 98
10 25
9 86
9 57
5 52
1 34
8 7
6 99
4 96
2 31
7 1
1 99
4 50
10 79
4 85
5 94
7 76
3 59
10 44
2 42
2 12
5 84
5 67
3 14
10 41
6 17
10 17
7 8
6 78
2 22
6 60
8 87
4 20
8 45
5 33
10 0
10 18
9 90
2 56
4 29
9 35
4 46
9 60
9 50
10 28
2 1
3 15
1 99
10 78
3 73
5 68
10 75
10 70
7 99
3 24
10 13
10 21
7 33
3 24
1 3
7 0
6 44
8 22
10 69
8 47
1 8
5 73
1 85
5 96
1 38
8 56
7 9
7 23
7 48
10 56
2 55
3 18
10 59
2 6
6 56
2 37
3 15
10 71
1 70
2 76
8 63
9 44
10 56
8 98
4 82
1 68
1 16
1 55
9 38
6 84
2 22
1 35
4 86
3 59
1 73
6 63
8 87
7 56
7 60
1 97
8 0
4 15
1 12
1 43
2 15
8 23
6 65
4 66
2 62
10 43
2 1
4 7
4 93
2 37
3 53
4 48
5 57
8 27
3 82
1 20
10 66
7 93
4 38
6 90
8 62
3 63
7 8
4 23
6 31
4 72
6 2
6 70
5 11
7 75
3 73
9 71
7 33
1 89
7 40
2 50
6 76
4 90
3 66
2 50
3 21
4 93
5 88
9 34
9 39
5 85
6 71
10 80
4 0
10 19
9 93
10 23
3 48
7 31
6 8
2 66
6 45
9 88
7 71
10 76
8 83
2 87
5 22
10 32
6 87
8 71
4 82
2 68
3 23
9 54
7 70
6 52
3 67
8 68
9 28
8 67
7 8
3 34
8 28
10 30
2 20
3 7
2 25
2 39
6 89
3 5
10 29
1 4
2 22
3 27
1 37
6 8
4 29
6 33
3 90
2 19
7 37
6 49
9 93
6 33
6 91
8 14
2 41
7 9
2 13
10 48
3 66
9 7
9 5
8 13
4 31
1 47
5 78
1 64
1 49
5 81
10 69
3 57
4 15
2 9
5 24
9 55
7 3
2 18
9 96
6 31
2 84
6 30
2 28
10 58
5 8
1 82
1 3
10 9
1 43
2 76
6 78
3 31
1 10
10 53
8 53
5 34
3 88
8 59
6 74
7 68
8 66
10 23
1 97
10 48
10 22
8 68
2 49
9 93
3 12
5 90
4 93
8 88
4 53
6 66
5 65
8 10
2 37
7 29
6 87
10 52
10 97
8 82
6 52
7 46
9 38
4 88
5 31
1 71
4 43
5 7
3 35
1 45
9 36
9 26
1 42
1 31
5 81
6 84
3 14
9 76
9 86
6 61
9 8
5 49
2 92
6 5
9 60
7 61
5 42
1 42
9 95
3 87
10 99
10 27
3 90
8 36
10 49
10 30
1 59
5 96
9 69
2 80
5 88
1 81
7 99
7 97
7 29
7 90
9 29
6 93
8 23
4 50
8 18
6 63
3 44
4 91
6 68
1 17
8 32
9 56
3 60
10 23
1 16
10 95
3 32
10 9
7 87
10 29
6 40
4 0
2 46
1 10
7 88
6 29
1 89
1 85
10 23
3 8
9 54
8 41
3 30
5 65
1 72
8 59
9 24
4 76
1 21
4 63
2 19
3 2
9 97
8 86
3 49
1 75
6 81
1 15
10 70
2 5
7 91
9 69
3 38
10 29
9 90
2 89
9 42
7 77
7 18
8 42
8 85
7 91
5 27
1 73
6 23
8 84
2 63
4 97
7 75
9 64
9 24
9 60
9 51
3 41
10 95
1 86
1 82
2 65
10 30
6 100
10 13
9 14
7 10
8 19
1 24
7 35
3 73
9 14
1 17
2 71
8 95
10 18
1 78
10 54
7 58
10 59
10 21
8 88
9 83
8 51
9 0
4 47
6 80
2 19
9 75
10 11
6 98
10 28
10 30
3 78
9 96
6 88
6 46
2 16
6 27
5 57
2 22
8 42
9 71
2 80
9 91
2 59
6 83
9 21
1 6
6 62
9 56
3 46
1 3
9 70
10 16
4 63
10 72
5 88
4 83
10 75
6 38
7 47
5 45
4 76
8 61
6 38
5 4
1 55
9 76
2 82
3 28
5 53
10 26
7 67
3 95
6 13
5 57
2 69
3 67
9 28
4 26
10 7
4 33
3 36
8 37
6 98
9 96
9 55
7 23
3 6
2 26
4 81
2 38
6 51
5 94
5 27
3 19
9 80
10 14
8 18
2 97
1 27
3 90
6 42
4 20
5 36
10 92
9 98
4 13
7 61
9 0
4 29
7 58
3 67
2 32
1 90
8 88
10 68
9 96
1 30
9 70
8 69
4 73
9 74
9 2
7 55
7 94
2 81
1 79
1 36
9 6
5 99
5 22
3 37
5 17
7 32
6 44
1 57
5 22
7 80
2 84
7 48
5 28
2 66
2 58
1 59
2 63
5 98
8 60
2 11
9 56
6 77
2 47
3 15
6 99
9 82
9 11
4 11
4 96
5 47
5 92
6 49
2 47
1 15
2 43
10 89
3 66
8 16
5 63
9 20
5 73
1 21
4 62
9 76
1 21
3 64
6 74
3 89
3 85
6 63
1 40
10 78
9 24
9 93
10 94
10 12
4 28
4 42
7 57
2 95
4 77
5 45
1 83
4 74
3 25
9 35
8 19
8 60
9 94
10 100
8 66
3 75
1 52
6 64
2 55
1 84
7 48
7 55
7 30
4 92
4 57
3 12
6 64
6 31
2 20
6 16
1 22
1 83
9 38
1 52
2 12
1 71
2 54
6 17
6 71
5 76
8 3
5 74
6 95
4 84
7 74
4 50
10 87
8 72
2 16
7 24
6 26
4 85
2 99
4 16
5 98
3 15
6 40
3 80
9 78
8 98
2 52
8 52
7 16
9 91
8 48
9 59
2 39
2 27
10 30
6 14
3 8
4 29
9 28
7 72
10 52
6 12
3 34
1 5
6 36
2 43
4 79
7 43
8 81
10 5
7 31
2 8
5 25
6 7
9 88
1 18
2 21
7 84
9 55
1 91
8 49
2 37
6 8
2 78
1 7
4 66
10 93
5 76
2 59
10 34
4 42
7 73
2 13
7 81
6 20
6 72
7 23
8 50
1 21
10 7
9 89
5 77
5 99
2 25
2 69
6 91
3 5
2 90
10 85
8 16
5 68
5 22
8 88
10 21
7 0
4 28
1 10
7 81
5 79
10 18
2 6
1 0
2 56
8 52
4 44
9 100
6 36
3 77
8 18
1 91
9 7
1 27
6 55
7 84
6 92
10 27
6 41
9 75
3 45
10 99
8 52
4 2
6 26
3 49
4 99
8 46
8 32
8 5
7 80
7 63
4 98
7 84
10 70
9 31
5 71
1 1
7 18
9 93
9 58
9 73
9 7
5 0
9 22
7 95
10 83
4 3
4 60
10 95
5 66
8 74
5 97
5 92
4 80
9 29
1 100
4 54
5 63
2 36
3 60
5 79
3 60
5 85
5 40
1 70
10 23
2 13
9 3
8 1
1 50
7 83
2 7
6 3
9 16
2 60
8 56
1 82
7 39
7 32
1 88
1 91
4 28
10 14
4 51
2 72
5 0
3 10
7 2
1 76
6 53
7 20
5 26
6 53
6 47
1 48
8 69
5 9
5 77
4 12
1 38
4 36
6 10
9 62
9 19
10 5
5 76
4 94
7 16
10 69
7 27
2 75
8 89
2 44
8 7
2 53
10 10
5 16
4 29
5 55
7 52
8 82
3 81
7 10
8 80
7 35
8 41
5 34
7 45
4 62
6 69
6 70
9 99
4 2
7 81
7 68
8 100
10 30
8 52
2 11
3 8
4 35
10 63
7 39
7 25
2 26
8 44
6 9
3 96
9 89
3 15
9 38
4 89
10 67
5 88
6 81
7 34
6 76
8 67
9 46
9 59
2 81
5 13
2 42
3 92
6 30
7 15
2 1
4 75
10 43
10 17
2 56
4 60
3 100
10 12
1 53
5 11
9 17
6 98
9 55
4 89
2 39
3 77
5 1
2 23
1 69
7 61
1 76
1 0
2 98
10 21
8 62
9 46
1 50
7 48
4 18
6 71
10 84
8 75
8 56
9 81
9 13
4 82
8 11
9 11
5 40
3 26
8 1
3 48
6 70
7 94
8 94
3 23
2 41
5 100
7 29
1 51
10 39
8 89
10 56
1 44
9 3
7 61
4 17
7 35
8 64
2 61
6 70
4 33
3 19
8 19
10 91
3 20
9 9
2 35
9 74
7 37
10 3
10 43
5 98
3 26
6 20
6 23
1 66
1 64
8 73
8 63
2 49
7 38
1 0
9 52
9 41
7 2
3 60
2 64
4 69
9 41
8 86
5 78
8 11
2 20
2 7
9 74
10 35
1 84
2 82
7 67
7 80
7 37
3 18
6 81
5 84
10 52
4 47
1 42
7 41
7 67
5 18
6 20
9 95
5 8
3 79
2 5
4 5
6 11
4 63
10 88
8 46
8 85
1 56
10 14
6 87
7 28
10 42
7 93
6 94
8 86
6 76
2 54
6 10
7 20
3 61
7 2
9 17
5 6
2 62
4 23
8 27
1 21
5 57
8 17
8 86
9 79
4 61
7 6
9 63
1 60
5 48
9 50
7 15
7 25
2 83
1 25
4 63
3 69
4 42
3 1
1 93
2 58
4 76
3 80
6 6
2 96
4 49
8 59
1 62
7 40
4 11
2 50
1 43
10 27
5 8
3 73
2 45
9 48
7 13
4 41
5 12
4 31
3 14
10 24
1 10
1 98
3 49
6 11
7 69
1 70
3 70
6 90
1 60
4 32
5 67
5 40
2 65
6 46
10 22
7 100
8 75
6 14
9 1
9 99
5 51
1 13
6 72
4 34
1 86
2 0
3 51
4 7
6 65
8 35
8 14
2 27
2 41
3 13
2 47
10 56
2 23
5 34
10 56
10 66
1 99
4 35
2 40
7 94
3 72
4 91
1 5
6 29
10 48
9 11
4 0
9 50
7 32
9 90
10 29
2 79
9 78
4 30
1 83
7 76
7 55
4 30
10 48
2 39
8 69
4 85
8 35
8 54
4 37
1 24
4 53
1 26
7 53
2 11
8 50
8 88
4 54
1 0
1 11
7 10
3 31
2 62
6 95
7 65
1 18
2 68
6 22
5 56
4 41
7 44
9 90
7 50
10 60
2 15
5 46
1 77
9 87
7 48
9 33
7 1
9 95
6 28
2 20
10 49
9 6
10 74
4 43
5 63
1 66
9 73
7 72
9 40
10 91
4 60
10 96
10 75
10 60
7 20
3 81
4 7
4 5
3 67
3 39
5 49
3 59
2 32
9 51
4 74
10 69
8 98
9 5
4 18
2 84
4 2
3 65
4 27
8 54
2 65
7 28
9 53
4 23
1 14
6 90
4 86
10 50
2 26
8 19
2 79
7 29
2 21
10 14
8 85
9 87
10 80
3 57
7 45
8 38
8 19
2 20
5 79
8 17
3 13
7 78
9 14
4 56
8 27
10 42
6 27
10 83
7 85
1 63
7 41
10 70
5 84
3 60
4 34
1 5
1 26
9 36
6 84
9 100
2 39
4 31
7 79
2 88
1 45
1 8
6 10
3 57
4 37
2 77
10 75
3 45
10 81
9 48
6 45
6 78
3 17
2 71
6 22
6 66
5 3
7 69
4 91
4 93
1 83
8 91
1 48
1 12
8 43
1 35
10 26
5 100
1 10
8 18
2 86
4 80
10 20
4 9
4 93
6 48
7 96
2 25
8 20
3 8
6 63
8 97
5 51
9 42
2 82
2 65
8 43
7 32
2 78
1 42
6 31
6 87
3 83
10 87
2 81
6 69
4 34
6 32
1 88
10 14
8 6
9 44
3 11
4 93
8 32
8 56
9 87
1 25
1 66
3 92
6 69
8 45
9 12
5 12
2 18
10 42
4 60
10 7
9 0
1 52
7 89
1 77
2 82
2 10
6 41
9 24
1 76
2 63
9 57
1 9
3 67
3 22
3 11
4 5
3 90
3 24
8 94
7 100
10 70
1 13
2 52
3 82
5 48
7 30
1 83
9 87
1 96
1 100
4 57
1 97
1 42
6 14
7 83
4 65
6 75
10 86
6 98
10 61
9 36
1 89
5 43
3 20
3 26
2 4
7 97
8 35
9 56
8 3
1 88
10 47
4 26
3 27
4 16
4 66
7 80
7 10
5 28
9 37
5 13
4 71
1 51
2 25
8 12
1 35
9 55
4 50
7 7
2 26
10 41
5 28
7 30
9 30
1 94
9 73
8 70
2 15
1 20
5 38
6 89
5 64
8 84
2 65
8 100
7 84
7 15
9 99
8 21
3 25
2 86
10 78
3 61
9 72
3 43
2 66
3 44
10 70
5 19
3 6
3 24
1 16
5 1
6 93
4 66
1 83
2 43
8 57
5 32
5 59
6 19
5 10
7 43
6 15
3 86
4 26
8 0
4 23
9 16
1 6
4 43
5 2
9 45
4 89
4 8
8 84
1 14
7 98
9 84
2 55
7 4
7 32
2 21
9 36
2 26
7 97
2 13
9 27
1 48
1 93
1 29
4 16
2 84
2 9
2 50
4 82
5 5
5 19
3 62
4 56
10 63
10 17
10 68
9 46
3 16
5 26
7 93
2 45
9 87
3 68
1 74
4 29
8 18
1 51
3 21
7 1
9 18
7 12
2 55
5 46
5 81
6 90
3 16
7 48
10 54
3 29
1 23
3 67
8 47
8 53
8 66
2 88
7 74
6 73
9 5
9 87
9 44
9 68
8 15
4 19
3 16
7 62
7 74
8 23
8 14
2 35
8 68
7 100
4 52
5 32
8 37
7 40
2 43
6 29
5 45
2 5
3 77
4 87
10 62
6 32
3 11
2 87
3 67
6 99
10 38
4 49
6 85
9 0
4 44
9 42
9 44
4 20
10 37
2 37
1 33
10 82
6 73
6 45
9 87
6 62
10 1
10 3
2 4
3 36
2 4
2 64
1 66
6 12
1 59
8 37
8 26
7 51
1 36
4 5
2 77
9 91
9 50
5 90
1 97
7 26
10 89
1 67
5 20
2 39
1 90
2 1
7 40
3 29
3 67
4 31
8 9
8 98
3 52
9 8
2 72
9 90
10 13
6 40
4 83
9 8
2 84
8 21
1 72
3 17
10 26
8 47
9 98
8 46
10 49
9 66
9 42
10 28
7 28
4 35
2 24
10 11
1 76
8 26
3 43
2 93
6 43
8 6
9 61
8 11
9 42
8 24
10 98
3 77
4 64
1 4
1 20
3 47
8 32
4 7
3 56
3 88
1 12
2 48
4 46
4 18
2 73
3 88
3 39
3 88
3 21
1 9
10 57
5 46
6 79
1 38
6 95
5 64
2 91
10 27
4 97
6 45
3 44
4 75
1 19
2 46
3 23
4 2
8 83
2 9
2 11
1 41
7 22
2 51
3 42
1 65
3 44
9 27
4 50
10 20
3 95
5 100
9 81
9 2
5 50
6 50
6 56
9 40
7 38
6 70
8 34
2 86
3 72
7 91
10 55
10 91
7 11
7 89
6 91
5 48
4 46
7 84
5 51
5 45
6 4
2 6
5 53
4 75
4 93
2 92
4 38
9 40
7 13
5 17
1 52
6 73
1 32
7 9
9 69
9 30
8 19
6 0
1 17
4 100
9 17
3 91
1 71
6 6
3 46
4 69
7 30
2 77
4 84
4 71
5 2
2 27
9 56
5 77
6 34
2 35
8 54
5 98
8 65
6 80
5 15
5 97
9 70
2 36
9 56
10 59
8 74
3 76
10 31
9 17
10 32
1 31
3 11
5 11
4 40
1 87
4 29
5 91
8 84
6 98
2 26
8 35
9 65
8 51
1 29
8 11
7 25
10 34
6 40
2 15
9 78
10 89
4 11
7 28
6 25
9 27
1 14
9 39
3 16
6 34
1 9
6 29
5 60
4 8
7 42
9 87
4 12
10 94
5 21
7 10
8 39
10 46
2 0
9 68
5 28
1 23
2 44
8 7
2 72
3 59
3 34
1 83
1 13
10 61
2 19
2 64
10 42
8 50
8 74
9 18
1 55
10 4
8 63
7 64
6 35
3 81
3 18
2 79
1 30
2 79
1 6
8 23
4 26
8 69
8 41
2 63
4 48
6 33
6 22
6 99
3 73
6 24
3 15
4 37
4 40
1 78
5 65
3 50
4 54
10 69
6 15
8 17
6 49
1 38
3 80
1 55
6 3
7 48
5 62
5 27
10 64
4 29
7 9
2 82
2 10
1 7
5 90
7 72
10 36
1 87
3 95
3 74
9 92
5 25
7 20
4 4
4 97
7 89
1 76
2 10
10 24
3 99
7 61
9 36
7 84
9 66
7 65
1 92
10 51
5 20
10 90
6 47
2 9
10 15
6 49
2 16
6 40
3 69
8 17
5 33
9 55
4 93
1 55
7 24
10 15
3 34
10 30
10 88
4 94
6 87
3 79
7 32
2 47
10 36
4 3
10 47
6 30
4 64
10 44
8 1
3 72
2 69
7 66
10 31
5 74
2 7
6 79
5 46
2 63
8 34
10 97
4 2
4 67
6 32
2 34
9 12
1 32
6 65
10 0
1 60
10 44
4 31
1 29
5 41
9 29
4 27
3 46
8 21
6 93
8 33
10 98
7 22
2 84
4 24
9 12
10 60
3 15
2 12
9 17
10 100
9 89
3 3
3 38
5 81
6 24
8 13
8 73
1 99
6 24
3 19
2 49
8 30
10 31
6 0
4 69
2 57
2 12
8 93
10 15
2 37
7 42
3 65
6 27
9 5
1 8
3 100
8 79
3 19
2 59
7 62
1 30
3 41
8 19
2 51
3 72
3 21
3 82
8 44
5 16
4 19
3 75
10 23
9 92
9 92
7 61
7 87
7 79
2 22
8 27
1 59
10 83
7 21
3 15
3 43
4 86
7 18
4 27
10 37
1 47
4 77
6 8
5 44
6 8
4 67
10 80
7 18
2 69
8 10
10 71
8 36
8 84
3 15
1 20
7 88
7 30
4 6
4 74
8 77
10 13
10 41
6 36
5 58
7 12
9 1
2 21
5 92
9 75
2 22
5 48
7 82
2 26
5 39
10 67
7 96
3 37
1 50
4 31
10 0
8 88
8 17
2 48
8 62
8 65
9 17
2 25
4 60
2 53
5 89
4 49
5 39
3 57
7 47
3 72
6 37
1 12
4 5
3 87
2 68
7 4
1 4
7 3
6 79
5 100
1 79
3 55
5 15
3 8
2 12
9 39
9 9
5 16
5 75
9 14
1 89
9 99
10 84
1 83
7 7
8 23
9 33
8 64
8 39
4 49
5 89
7 8
10 27
6 68
8 14
6 81
2 66
4 51
9 3
2 93
5 10
8 16
5 39
3 29
2 97
2 90
4 67
9 58
4 70
4 79
6 27
7 52
5 25
4 63
6 24
4 38
8 8
8 84
1 88
4 36
10 83
5 35
9 24
7 12
1 68
4 67
9 94
3 13
7 45
2 79
1 2
1 33
6 95
10 15
1 27
8 3
10 60
8 40
3 21
2 3
10 1
3 86
3 20
3 26
3 62
5 14
4 70
6 1
3 37
7 99
1 21
1 12
9 3
2 13
3 79
3 61
1 25
10 4
6 62
4 43
6 52
3 10
6 63
3 68
10 66
2 41
1 1
10 14
10 95
10 100
1 70
9 3
7 53
1 97
8 20
5 1
9 35
1 89
3 32
10 92
8 53
6 63
9 97
2 41
10 46
9 49
3 26
9 49
2 92
6 98
3 94
8 3
3 94
3 95
3 49
5 75
5 9
1 86
6 93
4 78
8 60
8 38
2 82
10 2
4 85
2 30
1 75
9 79
9 53
1 23
9 60
2 11
7 86
3 15
1 53
1 0
9 18
3 16
1 12
4 6
3 87
2 22
10 34
7 36
3 51
9 79
8 98
4 50
8 72
4 14
4 47
2 35
3 29
5 52
8 54
2 45
7 65
3 74
8 53
10 20
8 100
3 33
9 16
1 52
5 8
10 100
2 72
7 36
1 40
8 9
2 59
8 18
7 71
8 89
2 77
9 21
5 61
6 49
7 19
5 4
3 85
10 45
7 40
9 54
9 40
9 24
6 4
5 80
5 62
4 55
1 30
4 95
9 63
2 52
2 85
2 91
8 22
1 53
10 74
5 100
1 26
5 96
6 93
6 95
10 21
8 62
5 49
5 57
10 20
2 47
10 82
7 38
10 10
4 90
1 57
7 40
5 42
9 67
5 45
10 56
3 82
2 7
5 59
5 19
9 44
10 93
9 84
9 98
4 15
9 100
2 92
1 16
6 65
3 57
7 35
8 1
3 48
3 18
8 25
9 61
6 52
1 10
8 94
10 40
10 48
2 77
2 49
3 29
2 100
5 58
4 1
2 94
2 22
3 83
10 12
4 65
6 27
5 4
3 10
1 10
1 5
5 36
9 17
5 44
2 31
4 48
7 88
2 46
1 70
4 80
9 78
1 16
10 88
10 50
6 45
9 46
2 10
3 53
10 25
1 48
7 100
9 95
8 70
8 89
7 27
3 55
9 58
6 48
8 19
4 53
5 21
9 57
10 38
6 44
4 35
6 4
8 93
4 73
8 38
10 33
3 83
8 26
6 19
2 54
7 28
10 49
3 48
10 75
10 77
5 92
6 76
1 45
3 98
7 3
4 87
10 26
2 36
10 84
2 63
2 22
5 90
10 18
2 1
1 62
7 2
10 71
2 62
10 71
2 92
5 40
1 89
3 74
7 79
10 43
5 10
2 18
9 16
4 66
1 8
3 37
1 6
7 0
5 86
3 60
9 44
10 27
5 1
7 53
6 66
1 57
4 4
6 6
10 1
3 1
6 9
4 57
8 61
5 31
2 46
10 92
4 72
4 37
3 33
6 32
9 84
8 55
5 69
3 35
3 86
2 78
8 76
4 44
9 37
4 85
7 81
8 29
6 55
3 76
6 59
10 32
1 48
8 50
2 7
7 27
3 61
4 39
8 16
7 63
2 25
4 82
3 91
4 62
7 2
9 45
5 16
3 20
9 89
5 63
6 71
6 24
8 3
10 74
2 32
2 39
1 50
1 64
6 82
10 73
4 0
4 47
1 58
10 99
8 22
8 84
3 22
5 52
10 5
2 93
4 18
9 8
1 27
9 9
7 93
7 94
3 30
7 82
4 90
6 23
10 60
6 12
1 45
4 71
6 33
10 3
4 14
2 78
1 39
4 55
4 99
3 94
4 76
3 34
3 17
4 38
3 78
2 56
3 41
5 4
8 48
10 35
9 13
9 88
4 19
3 26
1 9
6 46
5 32
1 47
7 22
5 7
3 92
8 14
5 82
8 13
6 1
7 20
10 43
7 87
7 53
7 12
10 79
2 31
4 69
2 73
9 93
2 38
9 19
4 93
1 63
8 87
9 79
7 41
3 23
9 88
5 74
3 67
1 32
8 48
6 80
7 86
6 51
6 23
7 17
9 33
2 51
8 10
1 24
2 81
6 37
1 29
5 29
6 63
8 28
8 51
6 71
9 12
2 42
6 75
3 12
1 66
2 61
8 92
1 76
1 18
1 63
1 15
8 46
1 38
1 74
2 83
1 46
8 16
1 100
2 47
1 63
7 12
3 53
1 46
3 67
8 73
3 54
7 87
10 20
10 62
10 54
7 2
9 20
3 34
4 56
5 45
4 23
7 72
9 3
7 80
2 12
10 14
7 9
9 85
8 50
8 0
1 2
3 64
7 22
10 61
1 27
3 2
2 99
5 71
6 32
6 1
1 61
9 33
6 43
4 89
6 68
1 47
7 76
8 86
7 15
8 8
3 34
10 42
6 47
1 28
2 10
10 70
8 81
5 55
10 12
9 20
8 13
10 59
6 0
6 91
6 83
2 47
5 54
10 9
5 45
7 58
9 33
5 75
1 72
7 58
7 51
3 26
1 75
4 46
3 5
6 22
8 29
2 27
6 97
1 64
5 3
5 91
8 96
3 17
8 16
5 71
4 0
2 73
3 64
1 9
7 20
10 7
1 11
5 94
2 33
5 52
6 24
10 43
1 46
4 96
7 79
10 80
8 72
9 38
9 96
6 2
8 72
7 56
6 87
1 44
8 72
5 23
2 64
7 59
9 53
4 55
2 99
4 60
1 71
7 46
1 51
5 52
10 30
3 57
8 89
2 46
10 70
7 28
1 36
10 72
1 83
6 0
7 45
9 72
4 8
10 72
2 73
4 76
4 40
9 4
6 52
2 14
8 18
10 42
6 50
6 21
9 12
3 91
1 38
2 38
7 70
3 84
9 89
3 25
4 23
4 0
1 11
6 42
6 34
8 18
5 8
2 61
8 33
1 82
9 75
7 77
9 50
10 13
8 87
3 33
6 50
7 72
7 35
8 36
4 59
4 52
3 92
7 24
7 66
6 66
3 1
5 38
2 94
1 5
2 27
6 60
9 96
3 88
9 100
1 63
2 78
9 68
10 21
8 26
9 55
6 66
9 84
2 18
7 89
7 96
10 72
7 78
7 96
6 99
6 72
2 87
6 5
1 12
4 12
5 6
10 46
3 82
3 28
6 18
5 83
8 12
8 41
8 78
1 28
10 44
8 94
9 80
4 2
5 14
6 46
1 83
7 91
3 80
7 74
8 58
9 1
7 18
4 7
6 89
2 28
1 4
1 95
1 46
10 14
8 55
9 99
9 28
9 59
10 36
8 66
3 3
7 31
10 71
1 24
1 9
2 53
3 3
9 31
2 28
2 2
8 23
9 82
9 4
1 52
9 51
10 32
8 12
6 97
3 19
9 97
8 99
10 36
10 14
7 90
7 86
8 73
7 57
9 96
7 80
10 74
9 49
6 88
3 52
9 50
4 50
6 70
10 20
9 48
8 11
1 28
4 8
4 5
10 85
2 8
3 11
8 16
8 57
10 28
4 70
2 44
8 16
10 54
3 79
1 1
1 52
3 67
6 59
4 94
4 69
1 95
4 36
3 46
4 44
5 78
4 100
6 52
2 80
7 66
3 16
3 49
3 2
7 9
5 14
5 96
5 29
5 43
3 17
1 41
5 97
7 37
2 73
5 54
9 97
1 81
8 20
2 9
1 88
4 81
2 15
10 0
2 65
8 70
2 70
8 28
4 49
1 82
9 39
10 85
2 47
3 18
6 91
10 78
3 52
8 43
3 95
6 60
9 34
9 64
7 26
10 69
2 18
4 29
6 68
10 47
1 72
6 52
10 61
9 14
5 92
6 48
5 91
7 48
5 95
8 29
8 28
1 16
9 42
5 93
4 1
1 94
5 74
7 54
6 52
6 51
2 68
10 58
2 19
9 45
10 97
1 49
4 89
2 49
9 20
1 14
8 56
8 24
3 16
1 9
8 100
10 76
3 8
4 84
7 40
3 31
7 3
5 23
4 40
9 54
6 25
3 55
5 70
9 10
7 10
5 96
2 55
3 19
3 97
4 37
2 57
1 43
1 22
5 20
1 18
10 98
8 100
9 18
3 67
8 52
8 1
4 23
7 68
6 49
7 5
5 73
5 76
5 17
9 12
1 39
4 67
7 94
9 44
3 53
2 35
7 63
10 33
1 24
2 58
8 23
8 72
6 22
9 75
5 24
6 3
3 83
2 14
8 29
5 9
7 24
9 96
10 4
10 78
2 11
5 15
3 50
4 74
3 16
9 49
9 30
3 94
6 58
6 90
2 84
10 81
7 43
4 85
5 37
6 83
9 70
7 54
2 16
1 2
3 64
7 20
4 84
4 91
10 68
9 32
3 48
3 2
9 51
9 11
5 19
6 43
6 53
1 26
10 63
9 96
2 87
1 30
6 19
3 94
1 96
6 49
5 1
5 21
10 85
8 83
4 15
1 76
6 85
7 19
8 53
10 95
6 50
1 28
6 18
1 91
6 80
4 17
5 63
3 17
1 64
1 58
2 57
2 22
7 81
3 27
9 20
4 97
6 5
2 56
6 59
8 6
3 21
1 11
3 87
2 20
3 5
7 58
2 28
2 56
6 59
3 55
2 97
4 49
6 41
6 64
5 9
3 88
10 43
2 27
3 36
8 72
4 19
3 20
6 66
6 27
8 51
2 6
6 50
7 1
6 6
3 12
7 9
9 85
2 56
3 57
1 89
1 29
9 82
9 28
10 50
1 66
7 83
5 79
6 90
4 20
1 17
2 49
5 51
10 93
6 96
10 44
3 8
6 96
6 34
6 76
1 61
2 91
10 92
4 69
8 84
1 45
8 97
1 90
7 29
7 73
3 84
9 25
7 95
2 14
5 21
9 79
9 27
1 80
4 1
10 54
1 17
10 100
10 100
9 78
10 48
2 95
9 48
8 47
5 27
8 3
1 57
4 79
6 5
4 25
3 5
7 76
6 45
3 16
3 64
4 14
7 39
7 17
10 7
3 4
5 51
10 73
5 25
6 96
2 0
4 6
10 92
8 19
9 6
8 5
2 83
8 56
9 77
7 58
10 21
9 71
10 49
2 46
7 85
3 66
2 45
10 94
9 56
8 31
1 21
8 98
1 77
8 22
6 37
6 30
9 72
2 49
9 58
5 6
7 84
8 31
1 16
8 11
7 62
3 22
3 22
5 84
5 3
3 89
5 17
2 89
9 12
4 56
7 96
5 44
10 95
7 46
3 51
4 48
7 41
1 60
10 15
3 87
9 54
1 10
5 81
3 34
9 99
2 76
4 74
4 34
8 55
3 30
9 79
8 81
8 70
5 76
8 79
5 48
1 1
6 22
7 8
7 86
9 68
6 58
3 73
9 4
3 32
10 32
4 16
5 21
10 85
2 26
5 94
3 5
4 29
10 9
4 19
8 10
2 58
7 100
9 7
3 74
3 24
5 100
6 46
7 47
3 34
10 79
3 64
2 24
1 59
4 81
9 68
5 25
1 15
4 47
4 78
3 74
9 6
6 81
5 3
1 50
9 94
10 79
7 68
4 25
8 26
7 80
2 38
6 54
9 73
4 61
9 87
8 35
6 7
9 17
6 18
5 16
3 81
2 40
7 10
10 53
9 48
10 18
9 84
10 3
5 19
1 84
8 45
4 22
8 25
