1000
82 866
77 478
30 892
19 295
71 756
85 895
163 658
181 730
71 755
30 891
155 311
9 19
112 225
379 759
137 275
1 1000
6 931
6 930
6 932
6 952
130 261
130 386
218 878
218 877
218 879
218 994
15 798
15 797
15 799
15 829
170 686
170 685
170 687
170 925
103 852
103 851
103 853
103 962
84 519
84 518
84 520
84 599
364 729
364 935
3 403
3 402
3 404
3 453
335 671
335 954
175 706
175 705
175 707
175 954
76 471
76 470
76 472
76 618
29 869
29 868
29 870
29 903
37 510
37 509
37 511
37 606
187 375
187 647
100 406
100 405
100 407
100 522
258 517
258 959
83 167
83 319
204 409
204 687
36 231
36 230
36 232
36 293
321 643
321 682
352 705
352 850
21 196
21 195
21 197
21 216
179 722
179 721
179 723
179 983
209 842
209 841
209 843
209 1000
84 519
84 518
84 520
84 682
242 485
242 958
4 774
4 773
4 775
4 818
95 585
95 584
95 586
95 659
3 18
3 17
3 19
3 21
252 505
252 686
217 435
217 546
387 775
387 905
30 426
30 425
30 427
30 448
121 741
121 740
121 742
121 959
3 207
3 206
3 208
3 238
245 491
245 637
481 963
481 987
92 764
92 763
92 765
92 870
133 267
133 402
185 746
185 745
185 747
185 817
322 645
322 926
65 131
65 223
6 310
6 309
6 311
6 350
69 894
69 893
69 895
69 987
252 505
252 855
25 690
25 689
25 691
25 777
273 547
273 943
265 531
265 857
371 743
371 775
260 521
260 561
145 291
145 426
6 363
6 362
6 364
6 393
86 531
86 530
86 532
86 681
179 359
179 468
25 441
25 440
25 442
25 512
197 794
197 793
197 795
197 979
269 539
269 828
440 881
440 967
15 885
15 884
15 886
15 908
165 666
165 665
165 667
165 914
282 565
282 889
436 873
436 958
345 691
345 745
49 309
49 308
49 310
49 389
89 362
89 361
89 363
89 516
59 635
59 634
59 636
59 738
123 247
123 383
180 726
180 725
180 727
180 834
115 948
115 947
115 949
115 990
167 674
167 673
167 675
167 702
18 882
18 881
18 883
18 906
241 483
241 485
178 718
178 717
178 719
178 770
149 909
149 908
149 910
149 960
176 353
176 661
200 401
200 656
398 797
398 828
77 644
77 643
77 645
77 763
71 441
71 440
71 442
71 468
48 412
48 411
48 413
48 423
411 823
411 827
279 559
279 894
16 915
16 914
16 916
16 983
312 625
312 865
325 651
325 759
103 207
103 341
51 436
51 435
51 437
51 473
33 213
33 212
33 214
33 232
126 510
126 509
126 511
126 614
4 774
4 773
4 775
4 801
191 770
191 769
191 771
191 857
118 478
118 477
118 479
118 607
286 573
286 898
212 425
212 589
85 708
85 707
85 709
85 749
215 431
215 790
319 639
319 962
44 380
44 379
44 381
44 462
193 387
193 433
39 854
39 856
39 947
79 321
79 323
79 416
121 409
196 789
196 791
196 939
139 561
139 563
139 612
211 703
336 977
131 415
278 744
244 968
31 200
31 202
31 258
124 758
124 760
124 956
13 174
13 176
13 198
272 691
291 849
232 925
167 673
167 675
167 931
334 983
194 417
398 999
399 922
59 635
224 666
49 903
49 905
49 941
159 968
159 970
159 977
5 94
5 96
5 119
158 569
299 688
47 749
62 386
62 388
62 417
131 529
131 531
131 757
184 690
208 837
208 839
208 881
106 410
360 995
409 830
2 944
2 946
2 969
98 811
98 813
98 912
329 871
223 662
90 747
90 749
90 903
67 714
67 716
67 852
139 848
139 850
139 996
326 791
107 656
107 658
107 755
191 581
48 302
48 304
48 334
127 776
127 778
127 941
325 909
99 378
8 467
8 469
8 505
221 889
221 891
221 927
176 709
176 711
176 934
318 902
26 804
184 580
215 865
215 867
215 907
229 470
136 549
136 551
136 641
80 494
80 496
80 528
180 725
180 727
180 895
71 289
71 291
71 318
218 497
81 675
81 677
81 736
94 254
369 754
7 329
7 331
7 361
39 743
39 745
39 781
118 722
118 724
118 963
120 319
298 924
197 793
197 795
197 806
268 981
110 445
110 447
110 650
253 546
314 656
331 706
103 632
103 634
103 817
185 627
161 616
78 317
78 319
78 372
54 459
54 461
54 522
200 507
25 365
25 367
25 439
295 926
349 924
69 579
69 581
69 649
249 670
113 404
35 679
35 681
35 766
50 544
50 546
50 596
27 730
7 384
7 386
7 406
107 656
107 658
107 879
75 278
63 186
218 767
120 899
300 910
144 419
69 222
51 605
326 760
190 824
132 635
371 940
100 472
85 764
94 344
36 301
16 414
127 433
146 350
11 416
403 846
287 893
27 355
469 950
77 446
42 342
316 881
58 625
52 285
338 874
111 602
69 900
279 867
174 443
36 138
342 871
173 525
12 765
285 760
185 664
164 479
160 345
89 431
197 534
418 922
260 827
120 286
252 780
78 742
325 997
159 758
57 872
74 402
266 766
109 810
121 636
273 580
293 812
194 416
42 381
35 794
72 436
258 710
263 905
305 894
381 867
271 674
5 368
218 936
383 978
21 524
235 758
81 735
265 610
195 485
43 756
219 921
467 990
150 833
181 548
109 961
13 764
205 516
25 145
315 666
54 401
399 955
252 636
222 765
107 682
111 637
356 751
77 998
39 675
303 739
116 671
27 198
41 852
303 893
325 818
168 371
375 872
449 969
26 462
56 883
130 809
320 752
177 693
331 771
165 356
43 848
129 322
102 876
27 709
22 833
111 453
29 968
23 452
35 428
12 520
290 901
168 766
168 835
155 367
36 868
257 702
171 531
135 356
412 972
99 943
103 996
145 532
20 433
78 763
91 313
122 855
336 719
7 263
328 969
215 973
241 954
55 544
41 412
164 541
231 628
52 771
117 945
218 548
91 496
326 943
69 418
48 413
40 106
44 756
164 463
152 550
288 735
85 410
367 849
376 878
39 305
109 440
109 334
215 657
198 562
41 570
189 479
244 913
156 669
242 898
17 432
84 459
265 825
451 948
146 583
104 567
235 623
405 908
37 283
173 722
259 560
79 940
130 681
47 805
98 533
77 953
249 776
394 935
89 854
9 963
229 498
47 767
70 653
439 993
169 395
396 981
317 813
132 779
124 564
282 892
172 816
19 729
147 485
302 986
107 632
21 855
229 568
203 791
138 326
89 990
72 279
261 757
387 974
270 925
17 83
80 993
431 958
70 215
24 199
154 915
162 916
44 723
153 618
29 650
167 760
223 684
142 378
358 910
11 827
468 963
34 936
226 581
139 982
236 930
262 586
40 703
342 897
25 188
312 953
342 781
288 595
51 763
224 611
235 751
278 917
398 921
307 887
225 821
352 803
268 832
23 747
22 139
33 975
115 690
350 945
212 914
31 720
27 822
9 787
73 193
220 572
213 625
9 529
359 867
15 580
190 667
174 478
178 556
434 926
328 907
271 631
455 918
57 774
80 496
135 527
270 615
174 358
107 508
75 423
99 850
152 440
485 1000
172 823
26 469
27 744
359 956
374 924
120 450
15 183
224 961
114 582
118 829
396 895
144 834
367 823
150 718
193 745
23 862
72 673
21 785
158 689
6 477
396 908
127 433
162 422
129 471
70 801
296 621
358 977
40 554
32 759
253 685
187 800
34 865
137 855
95 385
7 515
151 762
252 830
401 805
160 447
67 690
166 861
143 715
90 368
214 607
38 911
32 537
240 886
113 372
239 950
230 553
172 998
103 866
124 496
19 162
346 757
9 349
134 737
285 582
17 429
182 575
185 911
24 695
91 296
228 508
177 478
105 427
151 799
301 809
431 886
112 470
135 953
94 267
131 703
182 789
154 729
48 513
198 547
154 765
191 474
24 799
2 659
252 885
330 991
311 826
244 621
102 901
114 701
201 906
4 994
75 377
301 828
106 248
318 804
120 738
300 684
179 616
121 759
71 920
51 535
252 658
96 546
191 414
8 40
419 863
264 540
2 589
137 871
72 253
117 620
106 876
231 812
108 984
371 851
76 249
18 419
409 822
118 665
85 631
368 773
37 422
292 619
101 612
161 723
156 404
187 949
407 869
142 303
247 881
41 347
302 994
64 871
189 690
122 540
290 644
116 519
342 930
68 236
24 162
91 982
36 233
341 998
351 857
115 237
189 815
387 987
114 469
51 675
61 124
249 831
107 698
1 511
69 610
98 999
141 848
15 313
60 543
48 418
240 934
17 897
243 769
94 674
73 933
126 701
332 986
109 299
243 773
118 900
224 517
73 263
362 870
363 917
264 685
142 969
41 349
156 719
68 835
354 905
197 661
469 949
158 864
103 318
106 660
266 997
193 464
150 302
196 752
59 544
214 903
87 801
158 419
124 358
244 607
420 921
190 910
170 821
194 390
223 627
171 686
178 438
40 617
27 523
342 756
44 145
50 185
343 977
21 54
40 760
178 379
