100
3 1 5 15 13 11
3 0 8 23 22 21
1 0 4 8
1 1 8 27
2 1 1 4 0
3 2 7 18 17 17
2 2 10 15 20
1 1 1 28
2 0 6 15 15
3 0 3 5 6 15
2 2 3 7 9
2 1 0 30 23
3 3 9 12 13 10
1 0 1 2
3 2 5 12 11 12
2 1 3 20 12
3 3 5 13 21 27
2 2 6 7 22
3 3 0 12 26 21
1 0 4 13
2 0 7 18 17
3 3 9 2 13 27
1 0 3 5
2 0 2 12 7
1 0 8 20
3 0 0 30 30 30
1 1 0 28
1 0 9 6
2 0 10 21 10
2 2 0 15 6
2 1 2 3 3
1 0 7 17
3 1 5 11 12 5
3 0 7 18 16 1
2 0 3 30 12
3 0 4 9 26 19
1 0 7 7
2 0 4 8 9
2 0 9 23 23
1 0 1 1
1 0 7 18
3 0 8 27 11 7
3 0 7 17 30 18
2 0 10 26 26
1 1 8 20
2 0 5 0 13
3 0 2 0 10 3
3 0 5 11 14 0
1 0 7 17
3 0 7 17 17 18
2 0 3 6 6
2 2 0 18 4
3 3 7 8 4 16
2 0 1 16 20
2 2 2 21 25
2 0 1 0 0
1 1 4 8
2 1 9 23 23
2 0 3 16 23
3 0 7 28 12 19
2 1 1 1 6
3 0 9 30 0 0
1 1 8 13
1 1 3 10
3 0 5 15 24 22
3 2 2 17 13 0
3 1 7 18 17 17
3 3 0 19 7 28
1 1 0 17
2 0 7 19 20
2 1 7 5 17
3 0 0 24 3 16
2 0 10 28 27
2 0 3 5 6
1 1 1 14
1 0 8 13
1 0 8 21
3 0 5 12 11 11
3 2 10 2 9 18
1 1 3 26
1 0 0 0
1 0 8 21
2 0 10 12 26
1 0 2 3
3 3 2 22 22 24
2 2 9 24 5
2 2 10 21 14
2 2 0 17 25
1 0 10 30
3 0 9 20 3 19
3 0 8 26 2 20
3 0 0 7 24 28
2 0 6 16 23
2 2 8 18 21
1 1 2 13
1 0 6 25
2 0 1 22 13
3 0 10 27 15 9
3 1 8 21 21 6
2 0 4 7 0
