125
897 148
765 303
1 3
220 135
729 573
184 19
104 6
909 198
724 578
387 2
241 186
159 111
653 448
418 138
36 13
516 86
703 500
304 124
491 234
464 174
183 111
796 288
979 439
356 151
667 516
976 70
728 541
106 55
193 42
71 51
114 42
543 73
248 133
901 829
752 7
649 147
702 502
913 543
529 346
72 64
392 176
103 4
872 770
189 73
113 57
985 664
537 522
735 382
445 2
214 71
690 614
822 751
687 555
763 12
73 2
412 136
263 130
965 435
105 101
580 206
103 75
136 30
472 434
115 17
197 87
494 18
572 344
659 547
120 93
165 110
637 579
39 31
472 226
724 270
157 17
486 458
249 225
592 10
874 203
18 14
417 74
338 100
517 250
938 147
418 45
522 192
59 58
644 128
255 207
108 63
51 13
364 225
597 245
712 127
42 3
231 191
932 315
829 470
565 485
466 432
559 246
417 191
930 333
840 417
809 330
287 2
923 35
851 158
987 33
370 122
672 36
178 33
860 407
431 301
463 364
788 751
956 292
19 9
336 111
760 349
498 242
384 35
78 45
320 123
176 147
