100
552 908
384 484
120 485
9 109
4 104
2 31
193 221
3 5
759 773
285 331
122 1000
1 484
303 484
1 104
8 65
4 10
65 302
1 9
350 384
120 584
1 5
561 794
66 596
522 801
388 988
380 489
18 625
1 742
8 742
718 924
121 121
21 302
3 9
874 978
120 121
3 4
3 584
1 101
21 485
21 122
203 545
65 584
1 221
892 995
121 484
159 416
3 10
8 584
1 4
413 989
129 879
1 2
9 121
357 734
121 584
1 109
10 120
217 985
8 9
121 742
3 65
499 858
304 454
483 485
321 795
120 302
1 10
7 109
9 9
1 6
3 121
100 1000
4 6
694 943
1 1000
174 210
7 9
8 121
724 787
420 554
64 916
637 654
523 557
21 221
37 971
7 65
122 483
401 636
263 303
61 143
1 1
379 834
120 742
3 302
632 928
120 221
65 742
4 742
388 463
881 961
