1000 999907144
47284205 134376479
404957548 24848213
453747656 407276210
216635827 83868212
70100162 675007041
818583364 787108644
503750887 585080532
243435209 595345801
997563523 120654445
21356339 80023398
239214554 117148486
962156321 972830006
935296137 992633249
521951784 525086631
661348981 556143805
589917681 500174907
147125986 397674480
942837057 427493471
241989190 790513749
695041074 588216875
439871236 826499151
98201524 938594795
362962836 94737139
618112513 897551638
644527291 900049769
814480007 97388835
579457302 339436137
740847539 910463532
630476214 897610779
392849622 390858717
27872653 693590542
388253512 115171887
564334856 982900915
530062416 150583956
946359810 431582422
537901062 866881305
970313531 406923127
720149719 651908311
482486628 149420703
799447989 65433686
712507687 100379956
657577434 182604203
696737825 387810242
168364246 427505796
81022932 124363739
831890315 830994038
292158237 896706701
871903923 590596683
358607881 244034845
154480823 944986802
465404748 89110751
426791579 583601579
762962375 152131590
643063118 145224705
501782226 486556838
414651190 96518575
942797754 119560132
607732733 129948228
162155167 393262716
970513902 73307894
186329098 950296266
26025846 263437077
273083377 366377548
110523837 123971711
239591490 810701767
362973810 93262267
525108772 82991655
141034831 927549947
509775194 360386292
281822324 914142141
437698825 48802149
792111024 934105117
249690316 420296932
867380565 23539091
261337564 380884585
537962047 131104499
922495229 56694525
109041211 355310426
489389204 513526703
209433430 885191730
431492344 32888539
100861998 849477652
532243960 257727369
803555735 589570431
332604813 419790274
193298655 772367062
99313174 437664637
783106447 145929810
90749639 325990378
968667794 100001414
265800157 137013813
550579683 198697256
774395281 668905370
12312938 173031263
169283886 673283022
964686643 548367690
847614364 570082163
646729455 31309662
200205625 828657035
304540734 558992489
142493406 624029854
241476910 26616348
312552802 568261503
807999176 913150764
203498061 937775517
755614539 60389519
584337122 977476728
472540379 95499834
681796263 253067564
976652147 786979812
552219186 37564924
756241428 533464731
553721842 3901766
11725361 791080509
228949217 309574766
252945900 468722658
706752898 826328353
193096857 98629595
277879107 115293093
346756046 347147087
798010617 468175127
149102679 790508721
108760455 891957718
439464670 89827905
689528525 321171123
205326390 745604780
522941841 724343964
318145342 242882479
238861358 644409927
786866489 330632129
93493640 322226714
586850863 971785989
11651377 619991733
46433826 986889474
608944678 538194038
362704696 209349656
264569538 853959952
762521383 990520193
547421661 97686897
283077956 130637145
557961732 676372704
324920168 411671238
595537216 692277218
440388072 582638608
927736042 36122858
147318515 164105139
596691503 516844726
53555585 655387394
680405030 896277114
751415151 800127047
979898055 493042813
907764826 677729654
905591299 741046611
57219022 717800321
90967793 644076712
727949807 697268250
18301012 99513607
647427275 79155274
544504676 820499539
809325709 496994131
355960728 985699028
60487794 325723066
174342372 746752895
103091502 665996013
440082626 449498948
600799153 196459231
473316218 973184240
150815551 180971904
110864975 387706514
237393022 101757192
338716053 423112740
177003642 404762686
168496207 296804316
89149262 967028769
546691224 197988791
138427903 739084368
501242891 494420337
558600896 620849819
794834126 416682351
840190138 91315658
73963383 805394807
686986852 519474431
254995757 750659758
135050738 918536600
587104714 944186501
322565966 364778345
460422821 778909851
316103641 377496872
596224776 689279572
847009854 25837796
843631317 608728327
87991617 885951642
266471875 295521950
204773132 750843447
796557378 15671346
630201122 910004760
407418409 62354767
66331754 738057893
559009886 104704647
21681330 848126340
531920356 135821283
326542519 820928794
430474169 41843064
357024507 690159752
186636351 25787542
987567360 905751103
498814562 953439820
503745774 610113609
891043836 736131461
964793785 805005587
333705550 223334110
976237665 171820849
599951630 286097041
140246865 386047211
22765914 1943612
904912143 262791600
581130278 40643664
114597410 884163902
761997805 555766474
87753274 886846040
28016565 584658443
100849890 236933579
127924716 280948064
217437863 287735333
472053587 44204359
505786113 661489008
514901760 441650831
296182552 404710873
942527554 656265830
501750961 882664123
581685337 343327870
302343317 701342132
646979062 122028128
972038485 502114739
778305885 804158983
275322065 325559635
256257765 93895282
255783770 880988437
23494838 278769208
169210233 550679181
636744182 309481720
937450997 283178339
644688008 234596652
281838292 877795658
442270178 90456474
67209939 455423696
502069747 830974414
294643401 257713232
819790988 557558737
911490607 555264276
43534382 856502264
798761510 200362610
718952200 525865490
481371190 349071694
268309061 496136398
182386094 337937639
962768989 565361906
776068364 779045941
223205728 375249833
598079581 574667150
733487180 135774372
884319579 597624946
205248409 608051478
550316852 412717298
326869446 546472047
976932051 93054213
596854058 220224307
635254293 14245780
270944087 240137530
80905487 526663035
21134011 5579569
105857374 752685290
608530134 916589270
775932835 910279441
139096743 18177726
775034264 225915832
726330710 175000309
380277411 577917888
399367601 994321317
876344837 946317449
369117711 719548799
697719814 491040557
285001143 977645595
51511411 787121908
263208924 127302898
427349381 746000811
997111411 710455365
424067541 72311601
906118071 614865157
799700975 981322737
192529981 57348364
791311518 403462601
23937744 789665267
746599233 630385587
546967798 7803927
982866970 93496291
850404987 35676532
298764352 687670190
346456320 99905489
309765840 497927689
210733014 168837018
143452346 250676712
901971332 961651754
221299076 928320863
211293913 515101840
187603205 861051766
636705840 125280750
876031639 14967841
559886869 899080953
44845786 328474241
31093607 766293168
887765061 186451094
379982910 534208983
64641671 566330155
187772810 389047227
335693894 905584544
784731646 229180106
120857743 949142412
536200631 546484502
124989348 744066722
929579362 118409387
507897671 158249526
648321431 798587635
204107614 816193902
309735422 566728556
805226558 33805188
964107646 810744875
734970609 654534024
673426209 136015881
139565467 696919290
744844777 286105662
298049640 358713142
983460774 50878992
975008286 653525622
51367628 99760657
482697668 857225665
229956229 316415673
847447935 985984316
972576091 607340958
26376194 24048585
275231681 811225444
446431332 722295041
52785482 673462269
139260521 65777725
67065708 377609329
29636133 327647793
99121345 461489339
157976754 295063306
532494558 713680954
887094554 733123574
50478459 229135920
100826727 718627960
223466871 118367374
968754738 668730257
326316142 223078124
151588015 532092119
698658157 258887229
648929302 490271015
218745667 295263564
555283940 776349568
675416417 503177681
180946424 935090440
102211217 912912128
994486438 686934482
962907344 129783182
584252006 956894779
223220640 889675075
809014923 598573283
447652041 829566170
829801880 714081963
877758977 382837859
42109160 864679662
608734323 867976574
164213790 968880465
506169862 86126452
419696996 448869333
443222511 945839490
577023461 429898897
921001671 580367287
420901243 23884883
414785626 859265995
674558771 231542337
799149248 177816150
156084667 600127115
663588902 126629449
989828790 717541360
415589425 306588184
864170079 629370397
617750629 336057409
53536689 34596470
369508700 805411893
474339887 393221888
485931935 205907611
933137796 987649967
817867762 757071443
993370430 670579450
482150011 700389549
119477221 700879063
943443030 966371365
989516391 237683725
985783244 350065486
44780345 33573265
420494841 438706431
786505186 698038373
98927868 692258134
141012507 112542809
847241778 757466974
349661364 211707701
30430925 904730873
30957249 239612657
249000489 268885686
184950128 315518583
893644727 482688553
626809571 796227534
469283576 815895728
247932941 351554364
706931024 325388673
691996999 172629480
357912811 432058004
363490331 922127342
443799005 400945365
30784810 380615321
36557099 439950855
842148094 123004019
193790145 728226444
344603302 880482629
547901432 567508867
317771059 752697400
627632641 796286487
899981530 992051186
735298255 923693206
454095679 971591413
739280210 412403627
652052754 325316040
148847971 103030154
840601273 679327805
609831239 273889810
948954833 77394854
950922889 306040074
64997688 249138766
509307034 929174006
859716391 636711608
40937033 644850838
936698180 268671057
582884436 693623066
250691266 301526350
328452154 815120211
105729667 697103954
962208398 917701368
145856359 719407742
785920855 790428803
97734184 383105400
110718895 376648645
151296207 793074280
183504412 797921113
136322823 33579709
128027309 849282626
221779922 786296032
966231442 233465825
497269894 990435043
193642218 191962446
365247805 541757187
120402474 646319975
370264245 336229361
713601770 433484672
221338389 391988007
377365191 254071636
134992503 518999863
824106908 510991155
156850903 78487718
639184183 119856019
353076634 716805704
308409838 96395443
963381651 228551371
370380787 111918089
19762218 244722419
229229581 865840754
251722469 885833112
675800327 966679856
780037829 718295018
766388836 291335180
860171184 900179909
50124655 847105847
656339597 292931278
808859225 286040103
81423799 360233531
36854512 204150971
945624644 826657016
302626922 396848224
17066350 670846275
960299805 880263716
917488347 853939896
27327578 728787035
161489776 769750802
141734614 322543536
625144772 9017441
203240606 979626197
937026566 800590778
943870385 769355628
856757996 751068418
610548905 315229954
384726866 253305435
103905891 841103708
284922906 103549343
779666676 620676295
371943280 495817650
60418673 509018655
269428789 506800043
194082678 828853313
653366106 503117465
200089155 474980897
851761745 748964846
183585239 17865424
852592865 166319246
667793137 952113737
501778953 511158654
281129424 41509264
595159267 62413879
194530730 672900706
157411462 442592842
433968518 497796842
79414953 515861131
684201492 801214601
898574956 409474322
679265996 679004254
723541107 983735432
777250129 165420351
998302672 683101514
918662197 993202256
82913525 358051012
288660734 847375586
147383591 16842082
37585418 915533114
572634386 148856070
453935859 826627761
790758243 100512385
780441343 80706930
336998357 630744037
321867812 451733426
258671072 930937454
395134886 639249893
98498837 447316944
594593586 343269734
579344805 527714877
741223113 940490249
12515045 767432056
531678035 923611723
838431736 816487190
253333776 544423301
157826414 130629194
151071012 30444164
617459624 386272247
712741311 437642730
492677499 962639123
173634718 543710824
428095336 885076967
275614251 589539019
172873282 709698090
572422041 519084295
602931312 553712639
657048857 74438703
30055767 93951191
359959084 150063241
532355827 32335506
240370013 322235453
101317668 66276595
853213861 928161819
310361925 878495125
416285182 825022875
284644758 813259911
838300613 240810153
204656626 261402836
922087659 205038651
563059620 720012527
280797747 964809124
468548010 780885836
839192492 873798484
745728046 218827660
836199220 171429696
778115313 528748889
677686654 191863473
394113670 209538202
49979893 690328659
55012365 234119842
706783795 836294662
457323802 617915474
91318696 980375713
737555075 152444030
547092358 473979358
424872294 266212415
984177404 29727094
814198348 812024151
14936913 50044263
875049318 825757906
15293749 420597436
783062242 380649617
744320877 808756795
742726584 370180281
381639018 266465389
902104104 256530049
380648095 13336219
153969822 9676214
591507251 90651532
132440957 422009911
973054640 31270174
453698541 476087041
492078480 180156202
791452060 64933080
120200614 5271013
892296250 239535634
465288091 379491215
993686223 543711176
10698757 487235354
70602427 8590663
156507956 93181612
577281551 798396731
35684078 623118623
447848132 255805750
793600489 636579901
102838214 832415069
561881013 487454826
356823640 710033949
53716501 795299522
525763044 531544884
39520446 187481215
379023116 82413465
981390736 239738076
815730827 994415458
473032905 113851258
356184717 862781253
98344494 794338896
271846884 350150282
77712041 667586685
931999442 324379879
444180787 30344793
672513481 354774454
652187722 389085323
146523833 146717477
901032575 272246085
179672437 183017493
164276774 975849089
338175150 917978689
625940177 130460404
962104075 464096149
95605045 341254578
451230377 177667676
537052056 725632999
485761076 943344963
42051583 263506401
727919049 822043730
676365699 504327696
167201339 708803839
777664737 905738614
35229603 287203434
93506141 435098863
888431255 636329997
548574585 71749511
126599874 407197841
144705642 190996253
292078182 777681007
173194116 620315795
976134992 694610244
942847434 707955577
172469908 964919988
590704066 408748269
739394796 956265144
184469416 330399146
34776875 221016407
583093388 40830458
117944852 744135172
167886079 754929495
330517375 451025707
96364890 275254799
848318759 290200560
692436026 133658191
888862599 142614000
770669777 652177327
121510578 607791448
246708694 8983962
946925499 452025664
723797021 558761888
563597400 171599655
976529459 641062846
319965160 123031355
51029060 16836349
283875713 687600435
968680280 200372720
93610796 197382370
85730747 247782935
612046575 951785506
499500029 31044857
247674324 18135746
904164037 273780048
133301272 352128004
295860655 3759149
456943807 766830097
418748922 114486894
237168515 43945301
175052012 944790885
812308627 84217107
447572529 352274476
344721386 299487574
336261476 631382859
972845859 951876341
29196965 489791918
686804763 521843705
157693539 986257228
816088382 21933892
459803396 829310848
757582082 704239132
984980825 62437073
299410216 431219015
164507903 294759708
762165177 507596498
212218884 780103447
570782787 375653833
789553772 147777922
655994194 390235508
937900697 696582972
653992318 201769965
205228907 262307746
326503076 7710978
71872143 377924564
360979889 957461955
469693993 9135965
987518479 806981942
301472424 904177003
763679769 594551212
700432737 239327576
50544726 477585868
117747290 910613634
159369686 35428310
949780345 502368961
686444568 373754581
603091198 226427158
766130414 614159058
450956952 625128798
294396254 198426467
455306708 698726402
902568919 290331561
805850804 234547337
976626458 338309311
538244860 378090051
55938619 514965322
580971501 372460110
582500511 589802361
699438421 518069667
89988839 719266181
619326783 502093753
492064386 981932835
29974191 976538868
648578971 926499056
869163324 622981537
638548055 278944040
944981154 536100792
752980934 319130029
503704569 812634079
859775531 43599026
664810547 413096966
865706025 923376051
800867205 154178216
555332843 557543002
113154780 99370550
834933634 158524032
268255450 506161606
143552932 662617414
601233789 504717009
910995612 460457054
702457777 354775737
802665965 924974946
678863315 497811413
908675167 885046657
579868861 782042418
954620384 236601058
739244023 115911468
742376911 716121132
768785185 59682069
975720236 146708408
443381255 406322277
534855377 723705807
692675046 757702860
101562876 91575697
116520314 754405381
616492935 888479148
427378682 371369882
412406821 203917271
225458566 54155994
311519791 782409771
701054775 957923914
140001000 194760299
701360489 391377702
18376975 38928202
199774549 660821471
769338651 755349099
171960354 86596732
133661274 661328630
854377094 987065319
516338119 102599332
349514997 923276469
310832588 592224351
497273521 917801478
381670722 252921435
500590409 789379177
474670300 392003080
890659837 691911458
995208983 21305185
56371896 310458910
63939004 63612062
613024997 315741194
655145875 67794385
927378408 322787422
477323469 595801442
851640094 186566254
674934412 197996920
456739273 275483347
839146511 745131399
86946811 671744845
559493706 687616834
179873784 389754492
761330028 64920824
959049321 627656087
143378272 312891777
608095606 92893532
249200963 971382081
297184431 162197957
517162863 541696858
498285480 524643498
56437696 81047172
777296086 942792811
861737183 533737018
291559192 21843779
755299377 260865602
211981815 124999933
273087986 912922295
350918729 278671380
199482855 335708107
76624942 147815335
106297598 927420107
949936750 647263245
202148703 628249918
841501742 777329879
134254103 375686764
443519434 440043938
864065055 126316463
433782957 718402688
460591241 693104697
434824584 61648164
285308974 793140659
84989674 440150379
535724333 6269980
39747010 103140972
492781615 48747021
410630292 146104789
35396473 34084298
607709144 865479455
640717169 918566188
625140832 711897642
804772338 913406617
761964175 618120277
599846065 548346481
285570755 986019754
286247345 544936352
299898529 257202452
634096404 833665506
244632375 879130080
69163826 914070584
759734807 82495021
308481595 735064150
441680111 286087624
148141475 49866010
864429104 768387620
863785916 394523290
722319246 321880809
161715248 877719143
331074416 816084147
115214137 820788447
558992247 183678928
905762927 324947816
118439723 455868469
530862118 709011655
702686364 214991904
434111132 471869361
504295788 538571131
398691833 164562319
816176788 326102908
192273194 939946993
374691274 382610786
173356324 448913580
30232390 274356452
342838439 198802205
25787985 48463689
51682345 436895164
20556363 476503493
81143399 555853737
751841236 708199260
733342479 985082616
647051027 313118886
910192601 939350344
390918727 515751892
450584073 680012833
983942439 373900055
449848913 931214839
296036146 902967817
121296385 343103835
219970216 554525860
713468784 654788291
586374179 531095803
412628922 971578482
515989611 491040208
556236301 133149957
817539990 101919982
126011960 455682741
31100840 125580095
784292780 308016125
116720479 15572491
646158845 503245308
678466614 976832999
539105725 660143891
652917312 100621493
249868779 749754577
69129527 875483085
429900974 654515374
781206811 645405976
267450753 611062831
320113702 944740612
796487286 365898096
861335887 957688368
185827029 868196494
917767193 415097982
244984253 348104313
927167720 158913338
390917447 427971725
817001695 658499873
828960988 147976909
42325558 56631692
410201549 436730317
237470678 269651639
535744271 806513337
171655492 438238938
551483005 604760440
726852272 818652695
475039892 980595685
407905694 461193261
906202607 337922300
109195799 254635642
163641184 737483721
649095340 427475495
946742671 711660732
15715906 632455340
378228114 579951673
97965301 139244840
282489582 965064771
970636545 299269269
592098801 864073520
348446545 775256172
35742380 736384558
122272465 463407314
243546180 701397039
62562709 760024190
583845498 261110947
185726552 273226209
786052173 873864690
697447735 442683379
149424976 473061285
757810512 638632606
520422507 378972939
139993211 850108881
514900557 260467979
93811898 157772201
173795077 105017105
304891599 979307331
468395114 1330762
704629851 451559059
248423999 151520515
871089774 215385742
432896636 671254336
106407806 829093179
79231628 352045454
16904658 94274824
957480561 83470068
659799130 715546222
648991790 221632914
519464507 119779528
698260623 780388411
887740946 478087869
307481559 128908178
474948467 658351748
746604691 73096932
716555961 22300327
528782491 877672114
709671090 621439268
176604398 128762154
725936281 255881200
541409223 617920477
721448255 11323088
513128964 349595140
171754299 447379708
551388556 40689836
255952131 456968204
510591244 39165093
