100 375720
40823 1542
28172 24473
5776 58460
18803 70839
86702 2185
75530 65786
81221 23199
3884 21832
44780 97509
73279 67438
24467 29232
9431 88168
3671 96473
22710 58308
78772 36685
69003 85372
99115 6862
54181 13256
94429 90870
3423 22358
84604 13234
18692 27990
99789 41346
42164 20627
66959 22304
82065 84023
15262 18653
12915 79779
45130 91366
96718 18942
94618 3158
60732 83572
71072 29935
76329 92536
38002 73748
57671 72251
54176 65130
46496 39960
51552 68388
75248 95495
94117 67482
83898 84899
61503 95302
91188 12844
58943 17941
39223 45396
39661 9513
89381 98345
78409 69031
81865 56206
77999 21447
22998 2906
25063 14067
99607 12437
92368 47370
37016 61857
61571 1419
44313 56849
84663 3053
48032 71085
76450 48334
5321 4112
86526 28356
16122 18822
59698 3994
43372 32773
8688 41515
6105 62180
85489 29256
11010 54733
39508 97262
64509 35778
17474 25668
95274 25088
28482 15763
98059 74034
44590 10849
65905 69766
16960 91060
58120 20997
49029 10393
20722 10071
22646 49140
25235 96958
23277 63297
23684 84081
52767 96458
72886 30029
19833 85794
68292 43626
28896 43154
69768 89981
3633 50273
45732 69557
6430 49427
38442 72830
46861 87580
98072 67856
38437 38663
83539 34297
