200 375720
40823 1542
28172 24473
5776 58460
18803 70839
86702 2185
75530 65786
81221 23199
3884 21832
44780 97509
73279 67438
24467 29232
9431 88168
3671 96473
22710 58308
78772 36685
69003 85372
99115 6862
54181 13256
94429 90870
3423 22358
84604 13234
18692 27990
99789 41346
42164 20627
66959 22304
82065 84023
15262 18653
12915 79779
45130 91366
96718 18942
94618 3158
60732 83572
71072 29935
76329 92536
38002 73748
57671 72251
54176 65130
46496 39960
51552 68388
75248 95495
94117 67482
83898 84899
61503 95302
91188 12844
58943 17941
39223 45396
39661 9513
89381 98345
78409 69031
81865 56206
77999 21447
22998 2906
25063 14067
99607 12437
92368 47370
37016 61857
61571 1419
44313 56849
84663 3053
48032 71085
76450 48334
5321 4112
86526 28356
16122 18822
59698 3994
43372 32773
8688 41515
6105 62180
85489 29256
11010 54733
39508 97262
64509 35778
17474 25668
95274 25088
28482 15763
98059 74034
44590 10849
65905 69766
16960 91060
58120 20997
49029 10393
20722 10071
22646 49140
25235 96958
23277 63297
23684 84081
52767 96458
72886 30029
19833 85794
68292 43626
28896 43154
69768 89981
3633 50273
45732 69557
6430 49427
38442 72830
46861 87580
98072 67856
38437 38663
83539 34297
15989 7226
2668 46311
78929 98042
14664 77923
80813 83153
88977 50316
69092 79619
91901 16351
48425 45823
40305 69287
83712 26961
16757 77738
80817 25653
81182 63904
28753 11525
20583 94598
12303 65767
51891 68295
68615 17220
95868 48931
50280 71769
56735 64534
44833 95123
39316 96570
7522 67337
30258 39584
2531 43635
80524 82071
3687 34160
63252 39889
98252 64842
39083 80795
46597 56723
88000 26175
40519 79003
94692 20271
67279 34745
40778 61605
85348 94555
43699 18554
50030 99382
40659 47081
90579 93545
54577 7432
59806 21045
90610 6905
11720 21185
30496 3340
72874 31714
43975 12673
55306 31971
49863 10281
97758 62753
22261 45275
91302 39279
71871 85679
83425 89556
75447 95935
87351 30763
16659 24280
15740 40474
4341 1349
78187 63104
47610 32874
9536 88073
7261 71773
85752 48796
16545 13879
21472 73537
74009 88573
43053 88231
19940 62831
44924 20993
7464 4927
33128 96849
73114 75662
53706 39876
16816 49119
31021 7011
32645 33124
92926 40163
54451 71822
57106 79448
45146 4933
18902 77811
82376 6695
75766 72577
59236 28114
63701 25470
1535 87475
98249 70145
34340 70144
39051 40372
80455 62274
82318 45400
18557 41000
76841 21865
61184 22025
11497 91998
91236 93187
