800 999907144
917284187 931376460
984957536 923848213
933747643 906276206
996635817 982868212
960100162 974007035
908583356 986108637
993750883 984080527
923435198 994345796
987563514 919654444
901356330 979023398
929214552 914148467
952156312 970829988
925296128 990633231
911951779 923086617
951348975 954143791
979917676 998174894
937125985 995674468
922837039 926493467
921989179 988513733
985041068 986216861
919871223 925499143
968201506 937594786
952962833 992737130
998112499 996551630
934527285 999049761
904479999 996388835
959457288 938436134
930847532 908463514
910476199 995610762
982849619 989858714
907872644 992590536
968253500 912171868
944334842 981900906
920062411 948583946
926359792 930582418
917901048 965881297
960313522 904923114
900149703 949908296
962486615 946420684
989447982 962433668
902507680 998379947
947577428 981604202
986737819 986810239
948364236 925505783
971022932 922363729
921890307 928994021
982158235 995706693
961903915 989596678
938607869 942034834
924480804 943986793
945404735 986110733
906791566 982601574
942962359 951131589
923063103 944224704
981782213 984556825
994651178 993518557
922797736 918560131
987732719 927948218
932155148 992262713
950513884 972307894
966329088 949296257
996025829 962437075
963083375 964377536
990523828 920971692
919591479 908701750
952973807 990262249
915108767 980991646
921034821 926549938
999775190 958386280
961822313 913142132
917698812 946802140
972111008 933105108
929690305 919296928
957380557 922539091
951337562 979884582
927962042 930104498
902495211 955694525
989041202 953310414
979389200 912526698
989433420 983191713
911492331 929888521
990861998 947477635
922243955 956727367
993555728 988570426
922604810 917790261
973298645 970367046
989313174 935664624
973106440 942929791
980749639 923990366
948667776 997001396
945800146 934013794
940579678 997697255
954395265 966905355
982312921 971031253
949283876 972283016
954686634 946367676
937614356 968082149
926729440 929309653
980205615 927657027
984540723 956992475
932493405 923029848
921476899 923616330
902552799 966261489
997999169 911150746
983498051 936775508
945614532 958389510
974337117 976476719
952540366 992499816
961796248 952067562
956652129 984979796
932219172 935564915
936241412 931464717
943721837 901901757
991725353 990080502
908949206 907574754
942945898 966722645
996752892 925328345
983096856 997629595
957879096 912293074
926756034 945147075
978010601 966175114
919102660 989508714
988760446 989957701
929464666 988827905
969528510 920171120
985326380 944604773
902941827 922343948
998145331 940882468
928861356 942409912
966866473 929632126
983493640 921226711
966850849 970785980
901651377 917991718
926433817 984889456
998944673 937194033
952704693 907349645
944569527 952959944
952521376 989520184
937421656 995686888
963077945 929637144
937961718 975372698
904920156 909671225
975537202 990277203
920388059 980638594
917736033 934122849
937318514 962105129
976691489 914844712
943555585 953387379
970405024 994277097
931415135 998127031
969898046 991042800
987764809 975729639
985591282 940046604
927219004 916800314
970967784 942076697
907949791 995268235
908301012 998513607
927427260 976155256
934504671 918499522
989325693 995994127
945960725 983699010
930487776 923723054
954342362 945752888
983091493 964996007
920082613 947498935
980799139 995459230
963316214 971184222
930815541 979971903
990864966 986706511
927393020 999757183
928716050 921112727
957003632 902762673
958496206 995804314
969149253 966028760
936691219 995988781
918427893 938084361
981242878 993420333
938600882 918849804
974834110 914682338
930190130 989315649
953963374 904394799
976986846 917474417
944995755 949659751
905050719 917536591
977104709 942186483
902565954 962778333
950422817 977909844
996103630 976496869
986224771 987279557
937009846 924837796
923631300 906728312
957991599 984951634
946471864 993521939
984773122 949843440
986557371 913671337
910201107 908004742
997418406 961354767
946331745 937057886
939009872 901704628
901681321 946126323
911920342 933821273
906542507 918928777
920474165 939843055
947024504 988159737
976636350 922787524
967567342 904751094
978814549 951439802
983745761 908113594
981043828 935131454
954793776 904005579
913705538 921334099
966237656 969820839
989951625 985097039
920246855 985047208
992765897 999943604
984912126 961791598
971130273 939643664
994597401 982163885
951997798 953766460
957753256 985846032
908016556 982658429
980849881 935933577
997924698 979948062
907437861 986735331
952053574 942204350
995786109 960489002
994901747 940650827
986182550 902710860
922527536 954265815
991750957 981664115
961685323 941327858
992343315 900342125
936979056 919028109
952038467 901114734
958305869 903158975
965322063 924559632
936257754 991895273
945783768 979988429
903494829 976769197
949210223 948679167
926744176 908481717
927450988 982178337
924687993 932596641
971838290 976795650
922270165 988456465
947209930 954423692
992069743 928974397
984643399 956713230
909790980 955558723
901490598 953264262
923534373 955502256
978761494 998362600
998952185 924865485
961371177 947071682
958309059 995136394
962386084 935937627
942768971 964361901
956068348 977045925
903205717 973249821
988079576 972667136
923487173 933774362
974319571 996624941
985248399 906051463
940316847 911717294
906869434 944472033
966932042 992054213
986854053 918224296
915254278 911245762
960944085 938137519
970905487 925663030
991133994 902579551
975857356 951685283
988530120 915589261
965932828 909279432
909096724 916177717
955034248 923915821
916330703 973000299
970277408 976917883
979367589 992321299
966344829 945317440
949117699 918548792
977719799 989040544
965001132 976645586
931511402 986121901
943208913 924302879
917349377 944000795
987111402 909455358
904067528 970311592
986118054 912865142
989700968 980322728
972529971 955348355
981311511 901462588
993937727 987665251
926599217 929385581
936967793 906803927
972866961 991496282
940404979 934676532
988764350 986670184
936456317 996905471
999765838 996927685
990733004 967837017
933452345 949676710
991971324 960651745
911299074 926320845
901293911 913101826
977603204 960051758
916705825 922280731
966031631 911967823
949886864 997080936
924845777 926474229
921093607 964293152
977765053 985451093
959982898 932208969
954641671 964330141
967772800 987047215
915693882 904584535
964731630 928180104
900857733 948142403
916200617 944484488
904989338 943066715
909579344 917409386
987897658 957249525
928321416 996587619
984107604 914193885
989735411 965728551
985226542 930805170
944107628 908744858
914970593 953534018
953426194 933015862
919565457 995919284
934844770 985105660
978049629 957713139
963460756 948878983
965008277 951525607
931367619 997760648
962697655 955225648
919956227 914415661
927447918 984984307
962576082 906340952
996376177 922048576
965231679 910225436
926431319 920295025
932785473 971462254
929260520 962777707
957065708 975609317
919636133 925647781
979121336 959489326
927976735 993063295
912494544 912680947
967094537 932123567
940478459 927135909
970826709 916627944
903466860 917367373
958754729 966730242
906316130 921078113
941588014 930092105
988658151 957887227
928929287 988271002
998745657 993263553
935283926 974349552
955416402 901177667
970946423 933090422
982211208 910912110
974486420 984934467
942907326 928783181
964251992 954894761
913220638 988675067
999014916 996573269
927652028 928566162
909801863 913081956
967758969 981837856
922109151 963679654
998734318 966976566
944213780 966880447
996169858 985126452
909696992 947869329
923222498 944839481
967023456 927898884
901001653 978367273
910901239 920884865
994785614 957265978
964558765 930542335
979149232 976816149
926084648 999127110
943588887 924629439
969828772 916541353
905589421 904588172
944170062 928370391
907750623 935057406
933536680 932596461
959508697 903411876
964339883 991221876
965931922 904907609
923137787 985649949
997867746 955071427
973370412 968579435
962149998 999389543
999477212 999879057
923443012 964371347
969516373 935683714
965783226 949065483
934780345 930573247
900494828 937706427
966505170 996038358
988927868 991258128
931012506 909542790
937241770 956466967
929661352 909707690
900430907 903730864
910957240 938612655
929000478 967885684
974950127 913518571
973644710 981688549
916809565 994227518
949283563 914895720
937932939 949554352
986931009 924388670
971996984 970629470
947912808 930057991
943490319 920127324
923798992 998945353
920784810 979615318
906557081 937950842
922148077 922004018
983790144 926226428
934603299 979482621
937901427 965508853
997771048 950697384
907632626 994286471
979981513 990051168
925298248 922693197
944095675 970591404
929280203 910403614
932052739 923316028
928847961 902030153
930601265 977327790
999831234 971889799
938954824 975394845
930922871 904040062
954997688 948138764
999307030 928173997
939716374 934711593
930937033 943850832
916698162 967671055
972884431 991623051
930691255 999526339
918452151 913120194
975729649 996103948
952208389 916701359
925856349 918407735
975920848 989428796
987734184 981105388
990718886 974648633
941296206 992074273
963504402 995921097
906322804 932579709
908027299 947282609
901779911 984296016
946231424 931465814
987269890 988435025
983642217 989962436
955247802 940757182
900402464 945319969
950264233 935229358
903601763 931484659
901338378 989987995
957365179 953071634
924992502 917999858
914106900 909991150
926850884 976487709
919184168 917856009
943076631 915805697
988409827 995395443
953381642 926551360
950380775 909918079
909762218 942722408
909229570 964840746
931722458 983833095
965800321 964679838
970037822 916295002
946388820 989335169
940171167 998179892
930124646 945105830
936339582 991931276
998859218 984040092
961423790 959233528
906854494 903150969
925624626 925657008
982626911 994848212
997066342 969846269
950299796 979263708
907488338 952939888
997327561 927787028
951489775 967750786
931734613 920543524
905144757 908017441
993240605 978626188
917026548 999590771
933870376 968355621
936757979 949068402
900548899 914229951
964726854 952305433
983905882 939103691
964922895 902549342
969666669 918676280
961943277 993817637
940418664 907018641
959428787 904800029
984082677 927853305
943366100 901117451
980089145 973980893
941761737 946964830
973585238 914865406
942592857 964319236
947793122 951113728
981778940 910158649
971129422 938509246
975159253 959413861
984530729 970900691
947411461 941592838
913968505 995796829
959414944 914861126
964201477 900214593
988574948 907474309
969265990 978004248
903541091 981735414
967250122 963420341
978302654 981101499
998662180 991202238
952913507 956051000
968660723 945375569
917383572 915842082
917585409 914533105
962634381 945856051
933935846 925627753
980758236 998512376
970441336 978706921
926998354 928744022
901867800 950733422
938671061 928937436
985134883 938249887
988498837 946316940
984593581 941269722
969344800 926714872
931223106 938490231
982515028 965432040
921678030 921611705
918431719 914487173
933333765 942423287
947826413 928629184
931071002 927444146
907459618 985272244
902741304 936642726
972677486 960639105
943634699 941710810
908095323 983076950
965614249 988539014
962873281 907698074
962422036 917084281
992931307 951712625
947048851 972438694
910055758 992951191
939959072 949063240
922355822 931335506
930370011 921235450
971317650 963276577
933213844 926161801
990361914 977495117
996285170 923022858
964644747 911259894
928300605 938810142
984656616 959402825
912087650 903038640
953059615 919012520
970797745 963809115
948547997 979885829
929192484 971798467
935728039 916827649
916199203 970429695
968115306 927748884
967686648 989863463
974113658 907538191
919979875 989328653
935012356 933119840
996783789 935294654
947323798 916915468
971318687 978375695
917555059 950444020
927092344 972979354
914872290 964212404
964177386 926727076
904198340 911024143
984936896 947044245
965049310 923757889
985293732 919597432
963062226 978649605
924320861 907756787
932726577 969180278
971639015 964465378
992104096 954530038
960648083 910336201
923969803 906676196
971507237 987651514
902440938 921009907
963054631 929270165
943698537 975087037
972078467 978156192
981452053 963933080
900200604 902270995
982296242 937535623
955288087 978491212
983686214 942711171
900698757 985235341
940602409 906590654
926507937 991181603
967281546 996396715
915684069 921118608
937848128 954805748
973600473 934579886
982838205 930415052
941880999 985454813
946823637 909033942
933716492 994299515
915763039 930544879
929520446 985481205
969023113 981413465
971390727 938738074
995730811 993415449
963032901 912851257
946184714 960781236
968344476 993338889
961846882 948150270
947712023 966586679
911999424 923379876
924180774 929344793
952513466 953774451
942187716 988085320
926523823 943717458
991032567 970246074
969672436 981017483
954276773 973849071
918175138 916978680
905940162 928460394
942104057 962096136
975605036 939254566
931230364 976667675
927052051 924632992
965761063 941344945
932051583 961506390
917919042 920043713
956365684 902327682
947201329 907803832
957664721 904738605
905229585 986203432
963506123 933098850
968431238 934329982
928574571 970749511
916599873 906197837
924705632 988996243
972078171 976681000
953194106 918315780
966134983 993610238
922847416 906955570
952469898 962919970
970704052 906748256
919394780 954265126
964469406 928399134
914776866 919016396
963093374 939830458
907944851 943135165
957886078 952929479
910517363 949025694
966364872 973254788
938318751 989200558
982436020 930658172
978862591 939613981
960669770 951177321
991510560 906791442
926708683 905983944
936925490 950025651
903797005 956761874
943597386 969599645
956529441 939062831
999965149 921031345
921029042 915836349
963875702 986600429
948680262 998372710
963610778 996382369
955730729 945782924
992046561 949785488
989500025 928044839
937674322 917135746
984164020 972780046
923301271 951128001
975860644 902759149
936943794 965830090
908748918 913486893
927168513 942945301
945051993 942790867
902308619 981217089
937572525 951274473
924721374 997487563
926261473 929382844
952845841 950876332
919196965 987791905
976804757 920843700
937693529 984257210
996088366 920933892
949803392 927310831
937582066 903239125
964980807 959437055
979410205 929219002
954507902 993759706
942165161 906596493
902218882 978103431
950782773 973653821
969553756 944777903
945994188 989235505
927900688 994582957
943992312 900769963
995228906 961307744
906503064 904710960
941872125 976924561
940979877 956461946
949693980 908135965
977518470 904981925
981472413 903176994
953679762 993551207
980432722 937327565
930544717 975585855
987747272 909613625
929369667 933428301
929780327 901368956
976444562 972754578
993091193 925427156
956130407 912159043
940956948 923128783
984396252 997426466
945306704 996726387
992568911 989331559
995850797 932547326
966626449 936309299
928244855 977090048
935938610 913965317
960971487 970460098
962500497 987802347
989438415 916069653
959988821 917266165
999326769 901093748
972064373 979932817
909974182 974538850
938578965 925499047
959163316 920981522
928548049 977944038
924981136 935100787
942980927 917130017
983704556 910634062
949775523 942599026
944810532 911096953
955706017 921376033
980867189 953178215
945332838 955542988
983154762 996370532
924933626 956524022
948255439 905161601
933552931 961617408
991233784 903717004
990995595 959457050
992457771 952775725
992665958 923974937
958863300 995811400
998675159 983046640
959868847 981042411
934620366 935601056
929244016 914911467
922376895 915121125
958785178 956682051
955720218 944708398
933381251 905322273
914855363 921705791
972675031 955702844
971562858 988575679
986520296 952405365
906492929 986479131
917378678 969369870
992406809 901917260
905458555 952155985
991519780 981409764
981054760 955923896
910000981 992760289
981360474 989377690
988376958 935928184
979774539 958821456
949338635 954349092
941960335 983596714
913661264 959328615
934377077 985065301
996338106 900599322
929514985 921276451
900832585 991224346
