100
5
1 2 3 4 5
3
3 5 6
2
5 6
2
5 5
1000
328701 983214 959248 918325 789906 875067 403 626990 247643 730445 432390 560089 542776 576162 827342 981547 345548 806102 889265 392071 123458 497388 764657 524196 184465 705471 324532 886241 168494 593884 385468 984946 138621 880113 417639 371885 208162 494592 929366 999327 939582 611252 236093 507232 649734 295963 986910 84517 234830 203220 167538 63690 239625 373834 939279 544949 624810 348103 170145 563699 728105 85076 649347 209924 689990 355342 147570 140222 792177 540268 85541 905402 276647 279979 2613 300120 559831 897842 298857 497690 79964 686847 300019 375623 270796 818322 980337 137977 451170 106892 750398 907223 126142 682647 303947 450127 572297 384212 651324 326742 496054 356818 423655 142337 357795 110846 621113 416957 418431 897403 156320 529192 609858 631280 760561 355220 925141 667688 74867 605542 516984 935249 725617 673822 678250 708704 447015 491591 531071 20061 510467 422933 427493 563815 651821 390240 574559 235226 975948 663776 699850 738301 26563 176110 378558 439372 397799 518184 627568 746591 692896 406404 848728 811317 960775 13505 577549 174051 861518 944583 668318 322545 872693 511821 695687 189926 107151 835435 858871 378961 83347 297681 910632 219841 749486 313578 943711 340663 948926 506303 8408 394413 425332 151592 85657 559436 726405 732193 326074 179513 457856 720142 212644 886536 977813 339187 145751 552504 153880 895562 590103 414529 855641 774518 742879 99443 375307 342996 860510 258789 109094 447106 305686 658568 370704 123159 668212 933411 693458 567914 72084 199837 664895 944969 475650 971233 108143 281508 291566 685058 365250 654937 55386 673175 719690 186144 164247 411169 468619 473689 950689 136403 630246 512681 622787 287488 759896 821659 21286 347312 3812 592096 749961 404448 972194 775346 662260 110701 297305 813601 475832 228025 879 739746 267401 105541 500224 713189 577993 7070 920877 390784 608200 274367 343041 116605 780597 156594 584116 744457 981220 21899 710182 318394 13845 558684 407757 452181 178486 145504 124021 496197 30771 904924 666988 935128 725949 821447 873923 764288 737011 449552 840199 862633 675372 940708 804710 206903 982735 219135 188049 685132 978273 726077 168555 338727 358839 751431 122108 754934 229350 29011 931325 831484 785077 838104 522820 897088 616226 467101 758083 782048 648811 352512 524931 159687 408870 679937 741973 518044 483920 859966 553063 540343 126580 784734 862245 985871 762625 46933 385546 222408 644426 177888 545859 948947 716575 358475 815340 404849 751068 220676 895718 446389 43419 265980 424451 225041 620493 229324 500403 769127 525113 247632 702301 607513 621675 438582 423051 850283 372126 413192 980720 787857 125289 807776 485460 709595 518331 329418 304336 515671 934749 195723 171933 814413 468558 396095 580539 436629 60982 556498 433302 730896 233601 128456 641365 991441 685199 648991 872799 75596 892057 934943 226954 108016 856689 914949 579801 364455 927006 848075 94793 204027 790776 294421 954908 469011 856980 127056 38938 426690 871743 692619 55184 918396 926491 135849 672772 961278 239853 716223 355191 32889 192532 653868 185361 741637 361930 124275 651005 650299 323853 999290 697369 296782 417985 633344 230604 981281 584345 362372 943616 254192 786640 666270 415949 327360 819340 777516 574013 794435 767409 732824 241310 100512 735218 854809 703654 348881 97587 211740 602816 28208 912558 166804 743075 542496 199064 115312 623750 80991 670002 406566 387542 966744 653621 818294 901436 298382 756114 536193 510308 719708 592242 737738 714397 129663 906204 474563 299737 585326 552395 270585 305072 625348 823579 564362 743308 346319 811611 999637 606136 397529 684797 597182 972151 978420 87134 190902 119741 480466 901811 80039 473455 291618 982050 349314 865359 847158 206964 614694 907342 376554 621080 811271 316127 236077 905669 754365 684940 345709 308731 449413 309698 314418 915204 604480 981190 767031 276884 36608 607014 415714 459413 918829 114271 960069 385795 302661 360479 993398 565729 6675 664507 74423 133324 681468 551042 855281 81388 988928 189302 916753 534703 928927 597009 69913 548156 962922 581879 157724 965199 731828 799494 911616 715561 798326 480511 481485 910870 237749 969787 538398 63155 703017 461280 424826 254699 1081 271552 473034 833810 743294 996492 550429 84480 559287 361859 79683 947876 269369 599826 372304 56863 372885 194531 507859 791113 95831 312227 544242 901216 518269 897381 910361 498786 141564 599437 909694 379524 465686 884426 977276 289075 50585 441659 618749 725339 604642 468436 902704 73454 520250 208289 371438 994348 520443 66425 637387 219344 784437 207306 384815 712897 64817 615826 290922 714235 612747 552002 488999 537136 989865 156527 827782 314046 192822 538122 626105 42338 167152 537411 270594 743435 47634 619646 950300 850111 860712 556034 192698 911945 671235 21916 70401 427983 14032 283296 226096 42078 335279 907785 135797 929286 720566 614855 272139 131199 473165 7458 791682 101992 127107 640278 40344 756453 337840 61822 101582 698226 925142 394293 577847 92703 803821 389887 152116 46551 736184 140500 573902 493697 996748 923874 379364 658406 875690 637533 279815 245197 763865 828044 25872 638783 556080 552515 621969 395229 113684 240907 94901 16007 543853 306787 206331 953485 609198 333766 650213 217970 877878 907613 692487 288476 860065 633265 606861 992770 930444 455158 632806 198849 96757 303481 505738 407233 145341 270498 522810 205850 328932 830664 153536 84128 273715 886604 17932 937032 780221 549426 506830 490392 13170 829292 973351 372196 261359 893435 17706 951598 137453 436373 408595 752430 132722 843102 194304 894323 650998 7288 242866 170663 32929 124685 556802 38753 212957 800385 713991 799117 432005 478162 115485 958865 117813 881188 24155 614699 26559 889199 735835 706829 950511 581680 87700 19329 258799 999414 581284 494487 743257 432765 490657 948890 903544 859870 206953 841807 907741 608935 32427 166157 177685 558712 95724 351464 9418 869335 160591 413309 790832 749807 495745 930032 506750 365267 580769 513129 869058 794564 49533 723564 387099 513496 421253 417868 579552 287276 807706 118639 825080 563068 909537 880545 162427 76970 896872 73289 3831 363299 731416 852234 764250 262548 223306 416797 245232 137516 189348 562277 969554 217702 330446 908891 17582 104907 30977 660361 853262 894493 68619 3270 281083 894462 685229 923361 996640 942458 621606 191081 665755 830577 238933 932523 772281 376438 383340 554039 419068 548062 669876 795604 356934 450942 330616 515658 612837 349265 129106 27470 197829 167851 542033 193324 482466 478574 256184 389840 811131 643056 198604 743925 998928 420118 274645 279403 658432 545444 204145 529844 297722 711790 314622 464878 61199 682556 564674 773623 741813 756892 483841 530847 595323 165529 7217 612348 755759 4532 291339 535423 902714 970134 243798 458451 704201 636280 701903 136993 886039 464325 264729 450794 798948 853490 117256 510513 323679 165610 582839
1000
362120 565076 563271 216761 578917 140658 579170 989933 603834 82860 379364 882300 113038 89785 799382 841297 436444 110735 403818 759599 357798 643215 873886 979930 77618 150478 253437 754358 148034 800067 523405 302958 924659 576770 159323 902200 792304 929799 814049 907952 815561 21007 450656 771884 399444 758312 998761 686101 757830 118605 345581 422554 897442 193365 627811 642565 939132 249101 588581 423500 153373 335671 495139 103858 616081 503771 430448 951251 857657 540355 834679 332297 803635 882475 545315 977914 232333 315664 583679 117385 182578 401693 960687 646214 901888 72975 480906 173607 609901 906091 541621 897864 699788 527112 38668 956555 101630 645821 654939 923554 731495 60258 16720 224598 261293 230228 330501 224263 935600 219008 141070 107288 250249 122873 256805 354081 828022 827326 120428 483917 919272 603443 701815 19920 950375 513034 649345 760828 199382 835854 123031 36982 323350 876320 372958 631563 36754 341079 19368 165508 558731 544113 861110 204034 17523 455661 526540 748495 691344 566850 20770 998329 810320 586973 732153 974268 736836 160285 155865 327242 239638 896575 889131 445048 832437 448076 727898 635248 979464 464101 192590 526903 77170 634525 741554 616335 492939 846467 562945 597331 645405 962604 229814 974083 9870 233450 209792 285688 524210 508059 563823 504807 505759 383594 134802 980148 452841 695683 230042 370948 9674 3587 207898 566887 507220 399561 748655 830381 168427 996544 63147 986345 613437 516850 269074 763655 90995 601016 355196 771952 827922 77572 108461 65923 961054 59557 479766 26062 738602 739153 249824 823261 272672 589536 997700 228051 68810 408127 37017 26557 144940 513433 154094 923187 694693 820996 624208 14863 57114 531 917512 612841 864241 939469 208335 111642 800953 439403 169872 748592 892075 574428 928905 319724 689545 843019 924300 784900 464940 957810 603955 142810 927782 444615 854802 149372 943860 733293 884004 218724 970338 58773 798583 810148 598504 86940 107764 311759 552976 190230 214394 956769 182113 729783 876577 943496 360331 800474 259945 724042 202244 754350 764810 658377 860166 725665 145819 150091 277508 402918 432432 780097 150942 291991 48685 887327 594687 830699 845436 190985 200905 604115 822426 381069 218031 986106 742065 280479 377114 795421 469494 538376 684243 87554 157394 454090 873309 405381 512682 905191 485329 837330 196057 993251 191389 231969 782694 323790 230275 145030 784175 160692 118335 730463 900749 951807 525507 582382 497312 187900 832537 931220 882105 951928 135795 4158 713046 221419 906731 61521 853712 703925 39125 343018 302417 746132 61174 989882 54489 235553 137068 93243 283330 525024 598449 331888 554698 663140 831109 467235 703429 767838 768299 853029 225375 68330 647402 948746 674088 979003 932559 150777 285246 587459 265955 59194 287618 483880 443933 273653 305402 215489 342825 306167 629280 628842 328171 996730 454530 9771 31123 540000 913421 794865 415935 219138 701062 1025 97514 604480 982619 997014 463637 946952 347746 904612 833463 234278 181205 674978 57632 356638 198491 649797 724523 330222 324249 722396 395526 644881 84396 493471 196445 288518 84745 494250 402757 824208 69499 849898 256441 263613 383899 772858 124211 23777 104520 938536 249504 959494 433901 847637 417481 562694 179087 680514 686157 902977 269461 84130 800250 565863 492600 214567 925244 588584 985168 497384 232044 36845 152282 676228 778287 521076 531767 802550 589002 668671 762818 87 370015 469172 560753 438993 491474 803041 343906 234359 927603 646216 201590 846686 75206 543727 400691 946843 916609 385959 162905 860515 753412 396826 163637 78875 920537 154055 355635 271601 629419 544199 550318 907076 683060 865283 475821 62491 17156 716887 185396 572730 348851 874178 258245 887295 919553 60031 433951 932170 711597 316026 625474 60008 767597 652238 737582 563278 338379 563102 704581 439812 990491 897799 117229 209937 868576 6837 113559 771572 376694 245516 239731 887080 63152 88115 34861 791718 201078 391856 942063 247214 490050 692079 23098 174845 960325 850803 921157 839389 86926 125962 815046 216376 349830 260687 472831 438866 19637 395893 831092 764921 134481 292156 540731 521461 305288 159759 665858 345978 54964 556465 996757 280041 933015 771004 440142 469601 626054 913266 894902 17095 448561 186327 134344 906165 884458 459704 861546 242553 48300 735445 988826 889917 665570 682489 79489 496355 427640 345823 949757 554217 690408 883028 166154 550201 952867 866453 101082 604995 289115 927230 708189 15463 749393 701000 825208 254839 388388 702738 429396 83966 608608 229584 753440 858109 176170 748457 123279 861102 587808 758823 22704 109707 266718 194391 605900 674919 183882 764357 643062 897373 98336 71139 82131 260867 448110 925447 822483 603424 451515 699675 507026 631748 516097 507228 188026 542949 210303 934836 649846 815389 780793 966813 18179 904887 558159 670220 429889 931706 729653 991306 322265 467485 887136 652041 308825 139362 598218 242867 862007 307152 832365 852967 12133 199517 295148 695069 491759 602419 161671 962193 310678 133293 417588 117510 430664 398083 48337 801281 663217 14832 374450 626412 883572 855943 190960 151293 203538 959698 997122 613728 514065 267777 352604 483976 278040 900033 196677 463798 423068 710664 80554 838755 669670 993986 412033 307956 73352 332324 42422 800793 591277 200349 86009 620421 677101 698353 308886 200722 90318 209466 126 22827 222825 853825 785683 502075 283175 73861 424257 685460 301690 604630 71154 260668 781662 749784 76479 762948 218801 268536 793847 172113 18873 407517 512246 323641 314015 366465 426322 902767 123733 539681 881810 900106 201809 43234 754456 607174 161840 763723 59878 712019 940756 765263 364323 932718 319710 562397 127485 28916 150302 129927 248919 829337 816851 282027 159071 344808 979540 204643 377463 106387 673588 577738 431250 236023 425573 459546 33682 57327 125374 413724 833838 728392 398631 38391 952572 237748 628506 257189 676910 334430 886773 348796 372705 368210 574318 884908 827376 697143 16324 776493 923386 413951 171499 156023 906761 387508 938837 875008 22022 129839 401909 31383 500992 704205 928786 640320 788183 973382 534687 252833 301303 106474 894912 988550 605529 794861 195769 574589 278265 719867 33143 505133 546821 679726 848799 207934 539114 420382 701828 746782 890678 856656 617403 751090 944457 895355 100353 595357 139075 738173 537157 720177 870871 282750 160609 702708 331039 97768 206368 763498 482626 881950 544598 254623 66211 579856 481498 401775 526031 848183 165711 3581 449478 132807 915337 146031 821191 704263 107555 592960 144145 814506 663074 198755 744384 100958 440471 141371 190266 388358 128827 970454 493334 899639 502250 445078 454266 871184 428160 336757 542304 432823 123556 215720 266876 679022 58799 805774 887968 193763 499576 196681 596636 264375 399391 663041 243399 695374 764976 218631 607699 868908 689013 599534 758634 656307 356195 917867
881
872680 280743 533944 472704 337845 319520 906262 629178 67259 443663 289177 142936 232798 614577 751196 514895 738388 422743 72898 853612 950000 792919 622866 393517 59129 705200 63307 812156 801363 533859 195769 252969 948060 31035 875348 213870 168437 972844 254687 659700 664340 196899 634103 61894 511914 188777 381771 248827 624290 926345 737493 104898 771369 268859 722240 851317 706888 297301 844259 825905 131612 82526 543095 404877 720365 276356 110801 348059 543118 331152 79817 856882 193165 188387 508597 111017 243494 188093 129428 172709 640636 661770 421685 439360 663729 757172 883290 913999 849010 921166 106830 939838 724975 267448 304782 775694 527226 876657 623633 113855 858128 564331 604684 491201 413188 841301 150876 627297 127000 620704 222101 92861 607028 888439 465649 76446 616908 37752 919202 616225 703751 451914 533790 558755 104974 883316 117715 896239 32109 643554 89866 337466 976658 903740 186956 742281 565461 592622 213122 580095 686384 118019 121042 807671 446166 993044 827399 764415 462442 872161 303291 497885 350756 701786 587746 50073 543528 260564 52367 915835 389713 11185 675965 58116 574413 495671 595356 958079 789631 373974 323981 844451 415519 999513 357476 369098 89881 886441 145689 844462 161741 519049 388153 828732 328154 597380 556905 904681 274807 121009 824200 710943 36572 465974 697723 790926 874643 599165 666278 926139 940981 802086 814777 900271 730283 563983 604089 679664 45139 549777 431265 342061 923052 661648 390195 384942 70548 362216 964183 428007 150609 730378 885171 461840 870870 668579 75677 874419 657869 993023 60711 640772 17292 917828 532892 69010 231777 548772 132563 618187 446993 711410 864253 289430 215089 240945 244564 619258 77048 510492 701222 283612 182366 879972 241958 705396 23157 964016 604977 358275 856561 966408 171440 296931 969394 714049 286257 373009 120438 745775 252359 717579 612435 546832 829912 207729 711369 696798 314372 457701 619736 215206 668886 533239 989084 800569 623168 800353 779950 297104 863709 310068 490810 960990 186148 834727 715680 19336 873825 672219 44251 838143 109933 785483 576804 608499 29053 444449 103556 481192 400634 97861 607349 567805 663848 605636 85586 553770 995371 101118 938356 588348 497417 695694 730193 638067 759993 175715 425542 700702 41730 953090 549083 609637 728015 193082 212029 664808 438797 965615 877247 552783 183281 446057 595473 918369 54038 288597 177351 470121 423775 583039 749676 479418 761931 111361 130448 767279 323915 920723 669583 891713 941039 238897 675047 738465 953535 749110 464692 398332 831892 548579 488612 922562 522177 594224 950850 131362 853734 40850 329389 859447 947389 84495 374859 248010 69849 12328 312790 768417 733516 687608 248493 420494 630539 461129 946286 952635 459677 796377 903434 475590 968422 906858 634334 59986 377895 857468 853767 545888 637462 835630 167975 886282 457323 555396 136134 686641 103433 769861 166476 658719 190336 901722 3006 619097 272149 218444 650107 263742 28873 233217 595486 437672 831488 657683 757435 239785 1228 888380 381758 418786 379157 85719 233715 898853 165118 670306 568998 443544 436559 561705 202682 548645 629435 407290 228862 375571 992490 875840 953533 44879 314942 302416 821938 971344 65033 896778 863672 720977 581568 482333 732851 780858 724028 980781 625656 741721 869710 393713 884805 693233 107654 619633 530283 999893 713473 861471 990257 985569 274526 11650 183102 177063 449536 778633 888758 228339 901503 195349 791193 693278 865430 610598 197801 300783 93580 691531 799572 297344 580314 253078 771644 901844 785814 780596 572015 565057 474626 797325 536595 388121 818533 432786 105522 933074 790601 347000 990136 259569 713371 39685 912051 35998 826661 391490 205976 17472 449335 899130 209241 405581 824400 181461 193593 643153 29578 143308 541948 542929 229214 607904 264448 152630 343594 132896 440185 182626 781224 367728 303341 546648 874331 582281 366464 602863 844583 640266 474416 827938 527494 909604 778553 205331 416587 565953 167579 301396 758344 153972 254250 103158 343411 827106 761541 432630 236388 613302 68178 876248 216693 680514 694695 581930 121443 273237 297753 141923 518295 327270 471903 501296 725600 972772 747241 912262 95974 552143 987140 718035 806712 94726 920494 111661 544243 292952 798488 347274 543521 511409 581620 107860 712672 174347 829926 328630 890524 822469 490287 329490 577373 443954 710736 988831 149561 488037 784572 298047 419270 421259 625767 8691 887126 273028 749692 607682 578279 6874 707150 497592 125798 501123 463049 804898 871555 120769 609743 707486 850745 476627 666151 998646 953030 361464 522617 681022 484688 938252 538148 14695 689629 250065 3559 77296 669701 319045 397019 666372 417662 15948 488563 635008 477154 383113 500664 89409 681105 179199 603509 364679 953538 773557 987041 600925 343260 993696 846412 339442 105296 549404 813842 536764 920110 24826 730267 747009 523203 694593 64822 759916 365123 566531 523280 871898 241196 486815 245809 32087 454034 389727 640003 455329 209827 116203 5904 276430 376401 849952 260585 799630 655615 441347 254251 368542 23595 39998 128236 751260 115647 994566 65385 981422 654662 286641 541034 86274 310883 311287 58498 656600 675177 474204 454386 857965 215992 817357 345999 436506 871507 336109 536988 896245 926476 556925 378892 666333 503631 57601 551532 326401 129892 337319 34629 754287 132104 150535 351720 930831 40006 333445 544610 719927 154098 791730 648721 823460 381293 971797 200546 34085 901069 540386 964955 562395 370017 109446 750199 741589 389789 110703 300239 558033 743642 550639 575629 520271 527989 156927 618333 634995 893157 184302 797931 473723 592462 742868 63125 885277 153833 596195 848186 427486 136796 307298 497732 275434 48350 129478 435617 653187 970637 921497 181707 830507 859279 987323 398111 361147 340765 758076 71436 313953 707509 938010 921235 339027 461831 124294 547580 601794 775823 361778 892378 702946 149869 532404 42734 39364 477446 388786 236393 916727 576620 485436 651944 177065 397093 976436 627611 933355 816144 352074 537062 559644 129041 804776 456654 379620 46522 582648 403400
620
264111 823767 134447 235735 767841 943521 575234 542064 360035 108743 76600 658505 565657 123212 306635 450797 953934 332309 80917 171723 120195 584649 319197 666458 687878 15085 750596 928785 77906 382075 896557 252968 980845 956035 169992 676669 584709 601888 19068 316794 142742 886000 805494 642257 33876 701637 386147 338215 378002 520209 964119 23523 921433 645829 77321 8118 714101 515561 576810 162732 355345 301037 960611 853951 894380 294810 219658 324129 357450 110386 281842 284335 266906 910770 283541 693035 294196 881991 616320 364970 981518 431142 385616 486414 489476 763975 347192 51375 845451 271060 428004 601193 517748 729225 202585 676231 62171 809998 344322 947781 858881 186203 238893 503895 579489 597695 844192 147566 89758 258019 7217 8907 373044 676865 293108 631931 608431 856681 151076 502788 876620 190268 531927 465161 733007 543091 110204 664302 271410 862872 102453 389174 518688 139172 761702 864419 424022 537192 488852 535803 67681 952933 645327 199664 557157 954888 869896 491869 70891 856986 509533 603608 787165 801138 110047 10607 176378 849870 522008 538013 805850 881696 704569 219950 681088 93243 615755 627958 113758 216054 458622 241274 894953 11207 527946 707044 459002 990726 467780 254461 198326 276195 393480 279421 31154 692186 378444 321455 605644 316476 426990 159464 221520 212597 19310 919700 609510 951687 765644 616568 124798 415104 147969 461495 276423 417061 54536 581351 182973 831237 815244 63106 296029 289131 546857 82833 997824 493271 292739 183045 839904 243664 446260 125944 627572 806593 83323 125048 390267 387674 717131 792046 328800 630817 938067 82140 478406 354789 327044 755202 373376 755578 57265 852281 487544 288974 881927 502854 204958 205399 535062 412195 828942 272182 883489 901729 982875 52617 527044 892010 461289 313383 627356 849434 349223 53197 777044 325292 828959 358577 642246 748481 84323 327378 641424 524129 914 50647 423773 472478 236674 464145 700362 491979 136952 970358 657067 730435 183117 373900 877656 398477 636448 837562 35 493199 898137 491951 701321 792527 500774 808095 264272 668917 905316 271930 277725 369210 952637 610117 259715 326504 509902 707454 842529 73960 164390 181747 27149 848887 265785 78550 114616 456426 769259 175312 217043 905222 994225 281469 318115 894217 913946 93791 873919 172485 5881 211221 420090 298301 525843 651414 855752 970516 44273 702901 544290 817513 516004 231708 609196 214665 426456 218675 395858 192221 486877 576836 597082 988265 498823 373674 558135 62597 739708 686707 191360 913062 688434 656496 722876 3358 70995 133152 448420 678756 178959 588842 216070 84007 159380 333663 87837 668943 68996 307275 24978 264031 29770 797637 955175 878886 339628 990667 334212 261726 629068 929566 22539 816244 678568 204982 564286 531070 279251 593381 733573 451487 351433 773773 842904 4117 475227 951333 387447 525011 393120 326398 655704 139541 716310 573808 576067 863549 891401 46145 208195 132269 378515 28406 845583 443745 731602 191235 533287 350055 783322 219413 767635 838824 209341 786972 814723 892088 480194 677422 137549 153968 671219 829357 361076 903904 829770 606508 245895 97411 298782 996468 786660 930907 961578 114314 630714 816756 213442 894403 48002 676759 559900 890130 443737 266167 609045 501677 979542 550530 75683 252807 805280 685125 865921 562394 169329 165656 278821 994390 314306 871320 685714 857430 884195 147053 747566 379740 47656 831662 658841 866488 407744 21354 434380 162199 352180 90937 846054 663616 323112 927707 200114 915778 413982 331433 696222 124012 510351 134351 623701 430548 434222 608663 484851 467431 92505 628822 413430 817152 568835 119001 284837 581469 993125 811745 23390 914816 585843 286778 641628 751319 779452 882724 753318 225840 734851 963812 50829 500767 720000 341015 150979 159030 545216 446098 169689 96827 439157 887561 375626 646206 246235 628676 916135 753037 179936 893982 503726 663569 547806 797040 749569 829048 754245 986019 245533 503293 743473 477289 107929 762 803246 129367 54337 723240 520790 408161 271393 250277 3476 773225 472878 849177 494001 671806 922408 100412 606648 680922 514847 344755 948663 178345 773508 909419 840844 192451 753554 468311 797452 12420 578503 652967 327098 775474 892852 145735 877920 481703 144286 795420 888303 412150
991
66540 826407 888877 268248 158216 846647 709675 681933 148401 402763 617364 847591 20417 106798 701363 235501 257996 787192 632942 770037 553127 852083 234202 582224 625295 258929 313245 11869 369228 498703 160257 282900 706874 995283 620791 809801 644909 960070 220266 476761 386065 447860 930092 572452 960039 166963 66304 257654 5600 42095 114084 742874 951760 98039 841674 471625 103138 19544 554777 362436 346120 317532 938599 674180 392141 719865 885184 395335 27497 949058 440062 798559 714659 170921 129937 895712 705366 920960 466198 940229 565314 579064 995892 906553 575786 613703 264795 224992 508398 63901 436028 796755 253612 344442 436106 373782 683456 288810 741283 380138 676064 202622 778117 605222 974531 606012 743622 639932 261544 394469 108179 754171 887016 426585 955976 984896 750002 964939 752356 26036 640914 720610 114532 931848 501276 240758 1739 592298 863642 826791 460580 218727 46450 306354 563395 724948 221560 702095 464447 114719 257489 162153 168716 716487 282812 420855 307681 635562 736278 86956 423000 865755 272693 763837 75889 936494 457570 772732 888059 45003 961138 608063 386902 675382 388894 967908 713027 239117 13829 637306 792686 811532 535876 409176 519183 215578 2348 313545 254299 367015 298508 712813 818040 63959 570808 822531 477661 318849 698804 672312 813299 905654 185667 586077 541778 721589 794761 550300 168621 186603 598751 235328 894567 75434 292866 747835 900135 546234 747975 448856 228590 24649 896828 747501 859876 932531 276731 917737 698372 730114 510555 345342 208009 432997 557203 277353 955368 782135 312347 699203 92679 682481 546901 925081 795280 614142 887858 483082 49431 179711 540458 314632 893337 239211 659231 369428 727240 597472 797218 48248 984378 941063 898161 525111 723397 952636 934984 242049 561768 781372 642427 31519 849585 631776 744211 703010 631595 689409 440640 262914 606348 794403 336385 97498 278708 663866 983874 455148 363475 30918 710918 166491 645264 104935 835931 268710 487554 608455 982495 248642 102190 263419 112660 176646 659042 904914 905554 70200 308387 10750 847927 410081 389357 206932 551018 34664 380987 302740 102669 918777 582454 816904 685034 680543 507857 85770 760075 381547 555372 53232 934181 759581 882848 637879 682291 689124 965815 81481 577778 622442 820374 526440 578583 677852 447811 603650 540215 596773 102657 529024 204396 24407 611029 172928 471443 208525 985791 624953 603515 422283 762058 365660 58747 743574 481032 85849 597241 46494 35536 24698 22270 337537 336261 869944 99614 532113 228560 966067 611276 64246 970783 458512 433828 503363 470265 225664 550838 774089 385941 161906 933122 596505 658251 860767 312892 125631 299942 990527 835859 132872 268313 608720 800400 655183 684926 870124 490650 539559 905400 72317 568563 535484 8979 199738 245440 794062 254472 214832 12315 704086 351153 622377 44132 266962 753231 983416 301971 245212 173158 269400 106172 797552 136623 398996 25773 371817 975082 287805 897455 405596 347894 802631 880030 759666 682300 589274 520510 509579 207626 730 206085 830323 759046 554305 414422 435569 698900 875126 199449 637570 506750 608040 303678 136462 169845 70361 372967 686204 509953 147162 798805 723641 465618 425054 268307 442369 911109 691831 196432 526566 84511 865197 49350 392535 524468 942113 851690 30729 223880 282643 485773 635016 125915 602826 271275 713782 903 177498 42238 233865 929654 871227 581243 394754 137940 275350 558849 704708 84739 474145 118831 978743 50320 552817 625205 794440 90391 106923 629478 807374 347818 730226 217145 68561 905981 487060 933710 998952 476938 843198 19848 601422 129831 844584 278096 26203 934227 430484 671356 596487 494213 482530 425835 176043 254875 593272 173610 354623 161654 97945 965528 159419 346704 846470 624623 820848 122190 713775 60807 504139 648922 432597 156713 789037 251573 225384 582355 676785 756665 320038 642265 934749 740718 743296 748353 550058 371543 66500 912137 18056 130594 558056 194452 925853 253862 716372 713263 591375 979375 144454 57014 262222 552901 575309 620136 885594 247722 44972 643247 907885 810247 30646 771350 285506 604901 834637 434661 746038 386330 609956 584643 991685 68802 874314 473065 302384 546165 186996 215036 533734 363665 520115 937486 234595 706470 466799 270983 939016 765934 573700 817115 446524 913536 812591 101728 23194 40293 182706 127571 828412 208831 264139 386303 696394 553226 335516 381289 775569 593166 98334 180670 884403 896790 650267 890562 652708 908240 767273 985017 566886 200877 889582 511307 683210 315419 787585 999446 606998 366614 937748 671311 221457 673231 405643 270648 576003 47830 639901 494903 516484 169454 356250 732105 185872 589658 893839 891522 565223 192877 64944 790506 974438 779015 773545 999625 951479 557804 977116 454150 119110 201926 557461 426176 674814 314705 67645 545505 732470 811694 680514 175098 742425 337808 498688 826009 276186 669077 395649 476174 615756 414748 284401 984867 248431 714036 788966 771519 407802 260626 723353 409593 387137 599027 542062 952931 4796 476155 391798 929774 564035 465977 135322 650927 320960 804181 341253 2779 350028 322251 957355 508183 938696 895966 74332 988949 2041 11743 376921 268869 737021 50562 843130 152315 276108 588721 839504 477332 60164 84706 803639 15110 885432 507397 301615 291370 165962 743691 12306 957655 546520 605143 346045 423174 451355 490251 269082 805421 424463 444813 92612 445039 683222 13271 137403 945127 861184 346291 632673 821337 93215 411996 279857 519987 255504 191453 62803 541959 261914 689817 671217 656249 537760 16202 489803 523903 629125 1242 765195 310333 979338 551051 166790 5084 952993 169870 753864 242252 521962 52636 306760 113728 441892 745621 853749 151676 683194 732112 415975 576475 65047 558375 969813 84540 39127 995047 413099 466989 127546 302755 951847 148142 971584 997698 289242 720106 754982 776486 35522 504995 244781 267199 415752 979398 229962 703365 204793 486213 702447 16060 111067 765955 847282 513662 119368 187488 493073 166328 313062 857706 159498 632635 52420 276330 94552 2718 283007 649392 605590 240678 434591 518105 200681 469557 696212 349826 297613 703636 72116 648209 227695 736628 344312 346832 664820 633128 734358 518936 2294 287829 924266 923899 333788 679830 48099 598484 366278 489138 409021 220651 679331 86927 244116 305605 128664 419961 334969 349268 644234 884107 322606 19437 718842 396805 986562 658508 664464 426996 635920 421132 610718 721770 293488 51077 507191 58584 217970 484137 323995 162136 410383 797595 895743 736637 100748 515930 801128 817898 126740 265801 658423 774722 749725 999267 45987 896536 590626 143827 176485 550246 724949 773050 186402 511515 615692 620466 541239 811980 315585 802784 770710 828202 141110 220373 347920 640989 297597 795330 23846 643935 806268 375689 984027 949430 121436 857546 412988 189607 516859 664514 775388 123170
994
544843 138410 23301 179890 608044 306413 613423 836473 620022 665895 410809 787751 475710 454621 796505 784510 93440 352803 513657 70109 605048 575626 290706 659475 461021 365900 59361 446999 14183 368173 721805 521707 616656 429249 276242 83086 836403 303682 995995 164197 140527 240247 850527 136398 918828 289439 683291 740490 384521 152620 606616 333289 998736 999189 285046 377652 871787 412032 776235 303473 40026 44159 909118 419415 2551 955971 86245 154407 892933 973244 957799 764924 631553 619784 365100 996625 333345 128474 674760 13610 414223 364998 589516 296728 353912 772812 8258 959106 489335 588428 181883 152504 136918 959654 70523 866793 146014 217987 304992 106621 470622 141301 312592 146153 602702 177928 97550 664207 615980 385396 764817 247834 745044 664645 464160 341371 754006 488593 180933 846395 365443 807180 258162 124192 855377 21964 736564 331331 902225 281896 224351 296627 178645 420030 342997 436484 579456 395760 82569 260090 14471 752959 592670 234978 381174 531055 208848 490749 347592 215918 510428 721407 199947 26080 674448 38190 335789 185963 896162 119734 655924 571404 839136 309426 984539 938447 428725 296434 585870 991271 889200 16586 52989 952145 490812 836345 626148 154431 607880 249715 777015 612904 486802 629731 145783 222376 176689 717746 262829 846148 235392 633541 510308 891385 483947 710313 306938 719413 955203 667491 116783 19494 351976 206687 525294 435997 602350 696465 569042 285976 633797 361680 379769 384710 640417 170692 166429 340631 117926 40025 637585 522609 649271 721994 521904 686689 734777 803897 639998 855798 451503 403092 988968 574503 671281 176766 696826 214343 100896 288904 364504 1444 877618 318295 531112 681491 456595 480200 134278 757730 570465 41459 937699 68667 360696 510764 851189 10245 329404 348154 628754 17704 565934 388751 726743 100001 768462 560516 425312 358168 106745 128387 231936 705207 381304 419443 608792 458090 119207 616973 50873 752243 918114 602271 49020 203938 802115 277815 126381 283514 254202 387624 381440 828684 260685 840584 249549 65282 64581 282725 896857 670427 215794 746448 796094 711444 593326 613746 261360 858420 55642 624408 147076 632718 58920 471551 681336 681690 31268 67193 500225 466112 290645 826535 97410 527005 474288 899559 285682 823264 570574 61963 97607 335943 110301 761350 248314 976140 589808 425524 777624 229311 164465 166033 823649 243208 331396 883206 399628 885607 563040 727222 768161 741823 103557 954727 232476 976493 543357 774181 894517 396780 325061 458071 436555 313108 789176 805415 14889 230018 763727 710934 334112 292738 905042 41748 809974 368976 421721 181044 444220 182257 276316 777009 570864 234833 597678 61641 550071 475165 564571 208945 808352 340628 335915 165560 993133 600123 553426 947165 488423 431205 643872 989841 274405 562859 20899 629569 600074 203873 996283 332052 856928 781540 277445 377268 250049 970810 971906 394595 140619 512916 344877 830749 35889 4876 568834 436701 477181 240726 384039 5555 484766 334111 771898 876586 398204 350441 457103 219860 939485 75043 374154 96177 676655 56290 50271 398592 969607 559702 831165 14532 41310 390436 378228 805084 490915 27384 814185 5302 146434 350500 479889 235780 617879 299806 281974 312095 538919 743967 856806 999956 64265 897338 893956 419932 866212 566052 230810 132398 129006 264746 528623 243561 933014 859773 797302 7459 794437 102830 211976 800037 234290 358912 557554 391661 318682 660750 445280 482035 960886 290035 627315 930947 767607 740866 811321 21219 532263 147039 725973 293015 335566 398322 207713 607653 489576 581737 665169 388629 334399 172315 388930 305317 771157 449172 516160 923920 757623 526143 99185 461950 77725 445776 112558 151485 847364 342073 249047 610893 922233 299572 20319 397444 189009 40804 276614 796796 728278 374392 421428 24376 488956 367597 833880 284032 246167 131918 724122 936111 846582 849827 466461 844615 613889 125360 238558 648146 903903 830484 690511 627261 324385 103913 23706 962519 786786 886413 191162 264670 950761 365370 242370 314132 631918 247304 122194 137762 711589 176374 868229 557149 352589 647299 166202 665903 297438 289449 724720 306092 682098 419669 654820 510643 433029 308341 76730 726671 87868 444015 421338 11106 738356 503419 683695 608853 201768 368311 161193 871225 439929 489730 453813 121074 456144 542011 833733 395341 226303 264540 167615 271305 641308 20547 239744 157265 813036 422919 672288 580604 887706 671288 516400 382041 48994 874572 260662 339368 285542 718673 643837 498745 130352 169230 196738 789075 489716 318337 20254 460629 724602 624991 625481 265646 927382 3033 96639 188784 23734 643749 170628 63300 75414 266302 923774 526225 678186 581090 446017 247388 910104 341241 648444 381178 663431 43160 450197 82980 776156 224397 325441 829283 992084 989015 940221 571157 149509 723977 478062 675997 684011 594521 719754 950212 340336 765863 12208 85670 101395 936616 334413 632209 190930 585294 84451 513199 815680 928980 692859 83365 335064 716331 48324 727005 375088 798550 955187 373129 885738 237796 299807 291456 304533 226383 876225 45784 30531 194683 564345 216017 859285 171549 827612 351424 298662 437160 863409 38588 212568 56103 144873 406082 358600 700668 907732 215910 276020 90315 770893 899109 382481 943451 539315 152812 662149 570611 297139 814714 119545 447942 615656 358784 512074 399783 156834 461231 405782 140336 666694 960905 446726 209674 368498 495892 547830 995274 22246 482043 769046 778701 710473 622801 48282 831392 383382 795228 598049 862796 505683 451562 786756 907733 866751 81954 161001 591570 646793 78556 497514 19577 267977 182032 254247 383942 448134 799074 683355 754907 847643 875312 288825 375636 651225 171964 171771 951961 317158 64479 627115 709531 867038 976883 677838 377296 115444 348591 553270 378785 547660 754083 149142 22251 874965 181827 156955 446302 570827 328524 372148 35207 869001 107604 773835 470340 615547 758040 555277 262265 839109 624539 610492 945025 56334 397968 843097 111048 424187 42252 399816 397060 536177 615978 326451 682788 120999 164229 78032 918126 384558 540712 400601 142538 843830 180243 951559 200701 430814 950083 295676 698070 407059 192026 696514 848046 862266 741613 339315 514345 383481 550741 739296 187991 906355 556964 788924 382712 706218 457212 939625 286462 483414 52436 741827 976974 394751 520114 44785 474726 423675 55688 536398 712866 785713 358601 561262 420683 658159 291785 877301 584853 806932 138367 469207 784913 706124 466658 567535 810176 762739 308225 635439 349238 401885 953049 650842 422066 812771 62540 38848 163587 967087 497982 543499 39983 242278 857076 883183 427464 504461 92609 359528 456844 375907 297530 835981 208985 533207 430623 919363 289753 126329 636532 762326 300891 598033 840397 835740 379192 764827 900417 280858 90653 849390 57139 851435 233052 321759 26177 433917 237689 931347 100660 145572 93577
194
525403 475097 215227 557610 807746 269422 843445 376073 544467 652667 12161 475663 64306 995140 901910 10953 451347 179517 977703 576355 733821 44598 674194 154890 833438 690334 69871 206466 341184 911941 964514 549106 433768 834309 899887 782147 228791 260276 14699 819319 38055 782161 616248 240875 803333 94769 527576 452587 574150 490227 951258 266533 355233 297147 963374 98495 353672 236112 261751 375679 362508 748803 511322 769514 997385 6344 358766 201122 644613 983531 595193 988717 840191 713827 696329 989610 471076 333640 191007 213237 486067 6912 689453 950581 659042 193307 596565 667960 395581 182038 678915 630541 526646 759464 846254 879494 776700 100546 178491 299002 441864 855564 416001 647305 496204 67172 802950 835511 714464 917696 596337 119989 524879 712249 885144 235880 629662 373865 708183 379288 945126 67158 313508 291659 376207 100603 251419 963260 749899 844097 298358 430255 464703 446551 273814 714525 232344 447982 1332 802009 648622 662269 941489 613778 723030 268302 124252 798523 942877 640343 770767 23435 618008 204606 151256 502669 13627 21180 710024 448618 174031 706192 146554 904717 726486 464924 396409 478125 25858 227210 489569 473961 895928 859882 991514 277679 635297 478042 44719 775043 33240 435679 901306 927187 919267 295160 59880 521655 171945 977236 169065 104223 256662 831734
589
142834 154788 323949 509070 278002 688456 879384 806410 216805 511917 442695 484698 921835 386530 317840 747515 272753 875555 337901 539430 785756 467784 318636 726679 235237 683236 17148 539545 653937 743436 350221 185817 188955 569842 318205 80335 695891 231337 545390 839446 391996 757876 973480 18345 61898 291015 783257 86175 486443 677861 461787 67028 929030 325442 263643 866258 223885 645118 340141 722946 923028 811474 659886 397395 55096 325965 13109 356632 432876 633613 486801 824801 689867 923599 700028 736209 872298 943968 833857 694112 852369 258224 635305 107036 959273 155849 959784 413187 574060 389672 846960 262431 701074 735171 339956 304176 831122 698277 531110 159706 986023 649353 356487 357130 661249 367073 491906 800541 762570 20224 17600 64181 273709 950007 743980 306346 207275 237573 53266 70401 55550 97969 816648 645945 53911 645514 283242 182159 945702 417517 804495 198283 617554 461645 681038 5474 464294 703877 160439 191059 703460 721672 427682 561290 28530 156892 518917 385049 361615 39149 277020 211853 609538 581436 467210 16526 510320 579383 152910 558535 906252 32695 490801 302450 412686 947930 188278 538432 655510 197868 777903 50996 507587 550427 144489 899958 587575 677128 488363 895683 187802 288173 374941 521745 475381 254109 300455 302539 916905 717987 546001 584021 173482 9173 84365 546499 332911 446157 467268 341565 983625 324090 565979 247579 855694 254756 217517 939301 544358 358585 703869 71459 661506 403928 573974 124623 181157 970772 682096 46843 617375 670644 759021 621232 982189 977415 979585 111945 217481 276564 417578 303279 243254 374436 43872 372893 281946 821214 805667 620599 352969 639137 396050 578732 391227 944283 573178 340271 647874 841703 957964 103133 290608 942373 589661 869218 502779 172814 987577 317332 796503 694539 466680 404053 68358 858079 230746 109538 73404 425429 568139 99894 156231 966733 804064 82113 353359 726531 524066 601356 891439 762508 94790 41353 624995 18718 863594 770962 722033 426015 924054 76706 640406 174299 762076 780596 164143 620117 566693 746699 337183 106219 548753 343676 786504 95065 624717 219809 420530 506758 143706 326554 520367 797681 626778 220596 735072 480182 260529 124825 278959 90789 346731 812197 654148 350133 361477 351395 390482 687186 208518 421546 196742 31505 147730 529739 562463 176486 965111 919198 885916 905821 862242 176081 778797 742159 407308 545357 768231 849806 688548 452445 991139 595051 388573 91282 271856 75189 371727 71889 705893 713872 414000 815071 84007 167927 198515 734858 953260 463454 807993 444514 78233 799489 717972 216079 983220 919497 963275 199973 778112 235229 185809 547581 379391 520094 772446 741892 139489 530336 507626 794625 960520 156511 120354 841985 683529 786363 11534 475507 603842 443804 431358 2408 814020 210248 758406 983634 318642 774847 239794 308197 940955 975672 284539 453189 237560 63523 891129 389506 437679 416462 609156 869631 285405 136283 260498 234934 356292 19975 453374 584820 600673 726467 85621 716344 933584 260077 496231 277841 952553 334884 192177 567934 776027 924435 674154 619399 858066 360008 766243 444552 271920 31230 817028 820387 612959 325868 986936 98459 221495 961391 219510 50721 318169 426466 597541 526914 567303 638270 6265 774571 85213 780594 137896 866312 164535 382467 915697 180401 368856 84217 446150 33839 855140 432606 223128 479107 77143 563764 257285 733222 206003 108398 986780 163236 951837 723754 841585 122232 557031 586398 251897 660887 785023 508107 360900 295797 705485 461589 869327 391505 218232 377656 680569 684620 984821 122420 257210 767012 881100 283864 174283 119761 985259 389185 320165 265164 294230 956428 159543 760641 378514 367856 788238 318864 480953 881025 419118 408785 119332 494503 15927 385333 523352 782062 994741 251376 708352 534855 847189 593311 15062 71737 264645 388867 175935 36433 242558 993919 418183 829086 870857 378855 575291 139493 507520 538327 336356 336851 701221 491644 533041 157463 596529 470907 566159 995055 462393 829757 386718 756530 247575 238959 680362 322367 670492 409054 580421
60
297929 539751 215427 984395 819575 179387 894010 100786 288094 196652 217688 880179 541506 474566 796392 249526 534284 563923 590662 400050 441990 413364 637496 938318 459200 97685 727335 141361 330140 932879 956044 588921 577505 497020 31202 473452 485789 969664 895547 643319 127332 305796 212666 646517 342845 90031 165751 498409 964518 809846 747824 19721 309367 597661 286593 964364 311538 976318 736768 258119
123
973104 993445 96374 844268 4677 800828 5019 341202 296693 77318 63756 295018 303526 648673 110856 536720 291672 20617 709317 880085 885032 4543 143737 320664 353955 609858 711452 418879 940438 640517 685874 143126 523969 772256 496874 304213 395539 92031 671733 151433 248665 406696 832662 563785 508443 4825 94823 122958 711134 193595 673197 960004 674683 641934 722978 814814 23023 285428 277686 553261 453685 478548 504969 450352 432219 622809 935690 282757 704165 533550 566802 920873 911270 949216 945675 693622 495985 166172 565984 962668 166183 555061 525832 636020 357729 756778 630586 913130 543790 789148 493084 466313 652782 100839 797347 523994 182923 878498 716208 695712 409696 70593 910522 317903 906038 78573 348872 12875 309419 278688 571277 697592 75760 813920 980704 405064 327098 77551 912336 533517 542206 581661 902908
25
2474 9547 9632 292 8588 1045 6108 4341 3713 3805 2691 3757 921 1065 1570 5769 976 3218 5974 18 9477 7147 237 1896 6353
59
6976 4242 1134 6728 1210 1044 4487 9976 7285 2646 4108 231 9441 3803 9384 5786 8973 1370 2436 2634 6713 8531 4389 7382 8794 2622 572 9431 9523 2918 5996 293 9906 6592 7146 1806 6409 4248 9222 5109 2168 1465 1027 1385 6889 7891 1853 6599 8590 9211 6177 5757 8698 8452 4729 6288 7315 4007 2019
19
4654 8277 854 1595 23 9358 9591 1887 6059 4600 583 810 7675 3034 8803 2267 1982 6661 6075
29
8227 6364 5396 504 5121 8268 1242 6246 3257 2559 947 1662 8152 3089 5745 4482 929 5642 6462 503 9650 9950 9650 5754 5656 56 7389 743 4682
83
6029 4690 5363 2140 4681 3934 2611 7088 8493 2847 1742 1619 1303 2735 2363 838 7025 5430 9188 9994 9021 5602 1762 5697 8516 5894 9530 9477 7005 8632 1178 1014 209 8007 1476 399 49 801 8530 8849 3250 6024 1167 1791 9722 2588 2184 2364 7959 909 6819 9013 2918 4628 6430 1763 8816 2603 9894 9593 2601 2015 2334 4215 921 8755 4849 1158 730 9211 2110 8210 8314 580 9681 270 1172 9306 1893 3208 4251 3118 7414
57
3862 3431 6495 7948 4413 43 3737 6391 9195 3730 9189 4957 4157 6227 8564 2407 4304 6098 5523 4772 6996 3268 6421 8666 4308 6540 5610 7545 5750 7884 3106 7480 9129 9821 613 5221 7200 2387 8497 1032 6433 7845 8199 3384 375 9489 186 6957 6966 4668 2935 2022 2858 9807 1449 5238 1586
100
885 612 2930 9702 9940 7804 4318 1636 4638 9473 8902 8033 9613 3040 9133 7239 496 1963 8958 938 7159 5082 3093 9502 8122 894 916 3326 9024 5219 2675 6832 3715 8130 7522 6515 7968 7936 2386 5405 4614 8415 2661 8210 7416 4749 549 3267 5408 1863 2132 6705 4179 1926 8167 8091 121 1165 3047 7430 5213 1678 8099 6483 6838 8209 9512 4897 5166 7064 2245 5975 1128 2672 1144 6542 4030 4318 9293 9015 9047 7402 8725 9141 7367 1271 7018 914 9147 538 2686 9070 834 2433 1194 3568 6975 1698 8934 13736
60
8329 315 9385 4298 7609 8036 7135 4005 2562 4065 987 3665 1476 2480 9994 8692 9086 9756 5056 3760 1840 1652 2860 8443 6026 9197 6545 5753 9993 3114 8864 6505 9175 5387 8315 5390 8690 5190 9738 924 8619 4417 3490 1573 5954 8819 4546 3868 5715 3839 2035 5397 5636 6021 1125 9104 8510 455 8523 14068
84
2490 483 5444 9600 4345 3784 4501 9544 2645 8773 5828 1302 6154 369 123 6309 5678 4677 9396 9174 6066 2749 8733 3417 5572 3603 8134 1617 1165 6216 4935 5463 8374 3984 8236 1885 4066 5349 884 565 6982 1000 4525 4838 6719 4702 3103 2835 8301 6158 5631 647 5559 6099 2332 4305 7852 5978 2634 3000 7631 1367 6597 3920 7631 8472 2036 4696 2082 6811 1493 6528 9871 4821 2297 3926 557 1257 4313 6787 4876 2359 5284 9088
86
1624 7502 3797 1920 688 9027 3199 9896 3436 9934 3472 3719 5362 6885 9228 5900 6029 9122 6502 2977 1771 6075 3928 5194 3135 5633 1922 8035 144 1184 6893 675 7247 2596 3938 1415 6195 4784 4131 2701 3484 6887 1971 7067 1816 4998 7477 4972 8490 3647 3873 9899 1307 4331 9046 1815 9766 1715 1551 6455 6023 2353 2834 5273 3567 9227 646 419 2386 8360 3387 9761 7382 2278 62 2231 3329 8766 6387 4223 4973 3611 1212 7343 8684 1253
21
7339 7482 9882 770 9269 7111 5833 4870 9620 9913 313 768 8682 6224 2572 7848 2330 8017 9343 9688 2295
14
8971 4248 3554 9378 2330 9225 5907 5988 5685 6897 4653 9076 9928 11490
73
5431 8655 1321 1818 1719 3620 3730 1428 8572 957 1964 7958 5661 4238 7201 6418 411 773 7012 5217 6309 8324 8251 1895 1576 6042 9443 1199 7444 1699 898 5356 1334 6181 166 2264 851 424 3847 4722 6945 9415 1694 9445 3275 9620 6246 4146 4399 320 2338 389 4422 9508 6270 6400 3239 5478 2341 1283 2270 1319 2072 9988 8596 1211 1339 3504 3469 5718 8255 7670 1105
63
7172 1802 9317 5813 3304 2002 3060 5812 4953 5685 6316 5139 9288 3643 7890 5727 5529 5884 3162 4044 3748 566 231 6793 6463 1371 7366 5651 8669 9760 9549 7051 7538 5045 4806 6908 1418 1827 5801 8266 7613 943 4591 4846 3506 1506 641 338 5863 1164 1487 7014 7647 7661 5396 2744 1604 3754 5404 463 2790 8083 4927
11
5586 1869 4182 6560 6211 4558 2624 7750 7422 7478 5644
75
859 5225 8096 9599 7438 1516 1213 626 8811 9790 3771 1529 662 7078 6407 6765 9925 6814 9255 7912 6553 1358 3403 1533 3355 1470 3821 2590 3250 666 9660 8345 5274 8043 7992 1926 7988 5775 9176 7628 7106 9335 2603 1138 2584 5626 8637 5523 5655 7267 4190 5692 1980 6934 828 4291 2091 2377 8284 5957 4498 5382 7905 7995 164 1659 6104 6759 3717 2421 861 5945 7375 3447 3222
70
8485 2490 3202 3511 9188 5203 7220 8329 551 6091 1040 4820 7025 9424 783 3692 1074 7992 5504 451 4939 3544 8716 2179 8876 561 8821 739 2383 7712 6943 4801 6666 7874 4400 5468 5077 2707 618 8742 7220 2087 5505 4063 1374 8091 2857 1769 3780 7373 3935 5917 3653 7910 6721 1649 3046 8565 3236 9591 9750 9631 3559 83 3094 3729 9004 1927 1019 8505
65
4668 1731 8786 8932 5394 5239 9027 4103 2790 1970 147 1599 9066 9591 3596 9625 9050 3022 4407 4826 7114 536 4381 9809 2579 440 4994 8408 269 6219 9231 6205 3397 8990 2287 782 3938 8366 3336 3345 897 1513 8031 2487 3663 5632 3669 1348 3435 6896 6479 4058 405 5320 3553 7986 9497 6940 1998 5777 6125 5220 5185 2117 10140
35
1399 2589 6563 4302 3522 950 1652 7246 6160 2322 6498 3618 5044 8820 3381 8210 5289 4972 4689 3150 5690 1451 3515 1629 6021 7733 9810 756 8595 9014 5513 8750 1054 5165 358
73
3965 7981 3161 1452 4231 6873 187 4079 9837 5490 9802 7511 2397 721 4355 8528 669 5033 1774 879 2456 9668 1226 5923 778 2847 7748 8362 1633 2796 2788 7808 8766 9295 3435 6994 4237 2175 6470 9403 7212 5453 4975 566 8915 7356 1170 8610 4497 2697 7672 5865 9360 7882 6808 7717 7257 6821 1796 2502 8460 7087 7059 9203 1733 2580 6494 2024 5326 408 2896 9140 6022
55
8967 5748 7462 7200 5770 4308 4556 9839 545 6989 5941 5789 9133 1186 7596 9741 3408 2189 9047 6671 1393 7039 3103 9206 2466 9665 9655 9822 2651 5634 5516 651 9862 7520 8508 6411 7032 2317 998 2210 920 4952 3732 6764 9582 5602 5503 7811 3573 2808 9688 70 1 2085 10059
64
7938 1691 4155 7094 8452 4935 1689 9603 5077 5438 3330 5903 6893 547 2853 5153 4963 722 5750 4670 152 407 7196 123 7340 6322 2646 8149 1511 5287 334 9315 728 3823 5855 4261 3840 3712 545 7204 1890 2975 5341 69 2749 5661 2572 7991 8710 340 4326 2370 2733 3016 7143 3499 3233 3392 5388 5190 9229 491 5112 10844
58
8881 2937 4341 6975 5783 9215 4326 3997 906 3277 8778 2214 5273 7301 6236 7530 8609 4936 1840 2560 760 8259 7033 4048 5392 6419 2053 8007 4634 7475 8057 1324 7477 2343 508 7446 6599 3643 8550 8548 1705 5724 7486 8016 7084 9016 3580 7843 8122 2415 1920 990 4284 9032 1431 9295 3548 8415
14
7908 2298 219 5458 3479 3413 8989 2153 7547 7783 1102 5046 9120 8037
32
6151 8829 4334 8485 2062 6752 5471 84 5300 1795 1214 7842 3538 7515 8159 6290 982 2826 4412 6055 7934 3545 1462 9155 3735 2059 5451 2582 6974 1481 1812 10636
80
1403 1350 376 8655 128 4207 432 2260 3539 9229 1454 8084 3758 1670 97 2954 5793 2043 3802 8179 4938 5532 6058 9438 1545 9580 2837 2771 7381 5514 5985 2986 1018 1818 3054 6995 8694 2541 2387 4290 8948 7788 9427 8298 1859 4079 5114 3189 7372 1504 2983 8187 6520 3926 6599 7965 483 3855 9889 6995 2193 1763 9677 9229 7736 6103 3914 2601 7042 4612 5272 1819 9559 8968 8987 9614 8980 8629 8651 5396
59
362 9122 6267 9029 5112 1263 9266 5694 6364 2618 5440 1126 4595 642 6402 4422 6013 2233 6745 5474 4310 7023 8750 204 1242 3168 8347 9344 9259 5465 9678 1814 8994 133 5780 6292 9782 7375 6714 4336 1334 7787 90 3933 3206 4548 6582 7634 2978 230 4259 412 2933 5266 5342 9127 2086 3896 34
13
2502 4075 6029 6770 7610 8429 1021 1813 4903 999 7390 1393 4616
37
2419 4236 8750 2338 3712 7923 3014 1892 7281 1989 7089 3075 9653 4424 8935 6094 460 2886 3166 9744 5349 7209 6607 1362 3891 5366 6547 2138 9042 8306 4097 6004 1518 6022 5137 7961 7943
46
100 9359 5095 139 1827 4309 6492 1130 9701 2739 5512 5922 2384 4258 3420 4854 9845 6935 7846 566 1648 3335 908 7063 6728 6277 6019 9007 7555 1370 6481 3203 9238 3408 5957 3853 8806 3863 77 9321 3015 2071 3809 8595 9299 12221
54
6458 5984 3718 9612 7262 4146 4374 2173 4389 8907 8884 2496 9797 9703 4016 8167 3462 9632 232 4635 2046 4615 4414 1677 7972 3443 6821 8889 3071 8266 6535 4553 7007 4965 7406 9492 3023 3290 4999 8054 3661 8407 7679 1500 6159 370 6357 9225 8794 8834 1320 8091 1107 3671
13
3258 3444 5718 8805 1882 3038 8716 7821 3261 2528 1032 6705 7836
28
3441 6171 3979 2938 9806 9155 566 6796 2054 3716 4293 276 4281 1016 2317 6914 9935 8536 8983 9150 868 629 4541 9398 7739 7349 4681 14674
87
5776 6303 298 1241 595 884 3389 7888 7551 4819 3533 6711 2383 2129 8688 5401 5137 8700 785 4756 9804 4981 2665 2746 5529 2599 4625 3558 115 759 8729 3235 939 6683 4416 8496 4136 7622 768 2219 3071 6543 3603 1168 1420 5486 9285 7377 6543 7980 6302 7110 2145 5051 4765 9228 3513 7361 6089 5226 2817 8481 912 9647 3284 3315 6283 5387 1619 3365 6094 9595 9122 7071 6903 6865 7010 1881 3519 5886 9895 1802 9417 6669 8444 8316 13562
17
3268 4973 1908 4383 77 7372 8218 6380 8324 9488 7352 605 8446 2432 8355 2735 13750
68
7228 844 2115 3281 6979 2462 8949 750 6985 5303 9070 3995 826 9904 339 772 2226 5356 2362 2534 1234 5476 2451 1071 2894 3035 8447 8021 1540 5058 3375 9503 5546 494 5383 5071 9661 7200 9309 7971 3147 509 728 6000 639 6002 32 425 7634 3387 1315 7208 9575 588 62 8752 6318 6411 275 3493 999 8779 9738 3097 2104 5385 7862 4428
45
1558 1073 3173 3663 406 5493 8042 2678 3455 1086 1039 4105 2260 4703 9320 9245 4709 2375 1618 80 2976 3403 8108 6441 4866 1593 9852 3443 2497 6827 1557 4262 9621 7529 7886 9952 3961 8504 8622 6162 8398 7199 5661 5814 3005
23
9832 8825 9962 3826 527 1546 3582 9493 5892 2437 2078 9666 3710 5138 7698 4902 7758 8216 3515 3463 7392 3328 971
59
8446 9594 3293 8958 5293 5617 2253 871 373 149 6702 6006 805 5458 1239 5710 4699 8154 1016 9707 6286 7557 20 9475 8772 8809 2634 2574 6183 2406 4102 1701 8962 4834 3020 4520 7777 3722 822 9634 9370 8885 3807 4490 1908 973 1864 1846 928 3912 6490 5662 2392 6605 8303 7605 6803 9393 5212
85
1473 1588 7013 3547 2230 5189 5094 2112 2540 7159 1954 6209 9781 2152 5544 225 8852 2937 8988 7580 9457 5794 2270 2334 3837 7594 9290 7218 8571 4387 5701 9586 5011 7095 5655 7047 3098 6742 7892 5449 8392 8993 1223 8161 4725 6150 4971 9146 7913 8649 6448 404 9201 2890 967 7913 9333 8227 2254 679 9084 1020 2617 4754 9032 114 7139 5045 9501 5147 8861 126 5141 5036 3989 6729 5150 3236 3798 7823 10000 972 2392 65 14731
22
6679 9704 4690 6103 6898 9277 1216 5261 5368 1394 2087 6896 93 9292 4704 5749 3429 6232 4790 2044 4965 9395
56
9768 2342 3927 9083 1104 895 672 3627 7734 7383 252 9710 9951 5639 3632 8693 4276 4452 6370 6907 5453 6704 7425 211 5977 556 3122 6528 4672 6840 2643 4035 570 5544 8341 5237 8095 560 5586 2951 95 3363 8353 8524 594 2144 6157 4053 2835 8797 3125 7141 6325 913 8346 6258
91
5556 2292 663 8975 4370 7853 9334 8053 3175 8064 4280 7148 9185 3740 7693 3793 6944 3853 7095 7281 116 7640 1475 9429 6515 3084 7705 1375 1187 8953 8315 2378 4801 8025 432 5526 3359 8562 2767 7072 682 8974 5929 247 2245 6079 9139 3247 5109 760 6194 6490 2953 2119 1857 8005 2580 7683 18 4431 235 3887 4906 722 594 696 9438 3650 192 5963 5891 1123 218 2658 229 8472 8173 5557 6120 1851 3247 3405 4683 4117 6248 2816 9956 610 4917 3630 1814
92
2669 4982 6469 4707 3050 8475 1043 5154 1656 2296 1494 9245 211 9054 8402 9887 1144 4986 2790 836 1998 9885 8731 7118 471 9985 622 7712 6151 834 1232 6279 2910 7735 6389 2214 160 1071 3236 1233 8293 9476 1493 3579 774 5964 3757 6811 5406 7809 6986 2887 6949 3822 9562 7073 476 1246 917 9357 1038 6835 7827 4231 3219 8802 9367 4943 6431 3859 9963 9223 3310 4115 2470 6782 2045 3356 7886 9131 9480 3896 1234 6932 8432 7255 9182 4945 998 1972 4516 1475
93
9009 6227 419 8089 1013 7589 6760 4703 3732 633 6684 9014 1091 3994 2544 8182 9751 8631 6139 1165 4657 9794 4410 8877 8873 2886 1161 749 3546 600 5749 1673 3100 5094 4303 9263 1716 9464 3286 821 2238 2106 5543 7221 9267 4102 3490 4476 1508 5848 3223 1997 4198 5823 156 4578 5680 3849 9684 7578 2155 3592 4913 3475 8297 6931 726 8546 9598 7830 8040 6512 4317 2711 5575 1204 8209 7506 4303 9922 4313 6809 4920 4401 1665 9763 3889 6543 9462 2566 5438 6132 7929
30
445 9966 6648 5165 2456 494 6575 3661 406 5497 9526 4854 9757 7091 9274 1650 369 7421 6282 3998 6709 2719 2128 8328 2614 1736 7146 5049 2334 5178
58
6032 5704 8504 8021 2525 2379 8966 8179 8159 5774 1322 656 357 4635 551 9122 5568 6376 4467 4252 2756 8688 9281 6837 5247 2681 8558 1022 6276 8645 8739 9194 8588 7020 2546 5279 951 6113 7924 7182 9631 2473 9715 4470 7870 5652 1783 541 5206 8965 3838 2175 2937 9055 8875 3247 9422 5171
77
6527 7663 4062 1583 3412 7116 1065 2359 181 1695 7602 3953 2595 2771 892 9828 761 341 3798 1630 5201 8396 1836 7706 4379 976 2419 615 3595 9013 6587 2774 3033 2846 7612 8882 2424 9078 5008 2388 2295 8345 961 1480 6189 7210 2883 4469 8709 7241 6235 8572 5802 5125 7785 1045 2885 2096 4062 1108 3239 3307 3038 6073 8611 2140 4516 2456 6052 1726 1900 6490 2878 1433 5416 8837 5433
53
3351 1359 9028 3981 2122 6325 7816 1112 7364 2552 2069 6538 2022 8166 1388 4964 7979 7448 1457 1855 5638 6937 7383 2601 6890 6355 7127 4149 2616 1576 817 4804 2557 2782 1551 5014 6076 6090 7963 7927 1315 8979 2544 4334 5301 4464 3317 2068 7396 4365 632 312 3316
91
3571 7399 3351 4227 6820 4318 3868 7723 3289 2064 2938 7367 3490 2349 1253 7219 8226 618 7043 1855 1892 9474 6493 2457 6632 2158 8867 621 9362 6682 5900 5093 3965 5867 6750 5725 114 7624 6724 4830 7193 172 2002 9826 3274 5246 1013 8958 559 9689 6136 3057 9585 4007 4922 5182 8152 9362 1041 1393 7173 7208 3187 8490 9992 3766 2857 4625 8380 878 4495 8990 5897 547 6879 17 8119 8951 6995 8154 1041 4996 7455 2471 7432 6958 6502 565 6194 5498 7707
32
893 8216 8975 2627 5743 1904 9541 4816 2851 5587 5758 6910 6163 4949 6688 609 8498 7877 1956 267 6494 1721 1431 2243 8960 4227 4137 6413 8292 8131 3120 7722
95
2496 6116 3176 4973 5623 8555 458 5936 8599 5505 5376 3929 2235 8326 4752 4003 6922 6726 5978 3504 1685 7932 5753 9104 4464 199 8035 7380 9252 5842 9999 6653 2924 4001 129 6181 1383 5674 2280 6153 8462 8624 8883 3653 5509 1693 6678 8581 7012 9088 270 2096 7565 743 5099 7756 4569 6538 7375 1714 3083 3435 2256 9788 923 1516 2692 9156 2685 9984 9633 1247 2978 617 802 5505 2767 5785 6806 2308 8834 883 1215 5262 4622 5993 8188 1484 2506 7495 1976 514 7996 3233 2610
41
140 7611 1799 2936 9523 2329 5529 2932 837 4979 867 9879 4343 1894 1309 3088 5709 984 5385 8801 9424 2165 1425 5716 1996 4544 2122 1789 9506 4972 9607 7237 3486 7519 3335 6863 8675 79 6072 7006 6822
96
1849 9720 6107 2500 1121 868 2361 8815 2309 735 8961 7659 1427 937 9900 3098 9836 1662 6643 839 5787 1032 4552 2325 2917 2 7383 8572 5615 9316 7597 5314 7292 3438 3953 8841 2358 3852 993 6858 4432 8200 1114 5949 5211 8346 4978 719 7306 6092 6923 8916 3448 1845 9050 2925 988 2250 2905 1441 6711 1780 6903 7890 2819 5988 7887 786 7580 2555 2640 194 3957 5334 8029 9334 4857 2392 6858 7032 509 9127 272 1610 8202 107 6148 6554 7506 8050 1291 7247 4205 7039 9029 1754
56
3726 4011 7552 9752 6154 167 3828 2326 3361 9091 8674 3548 6747 2616 1366 4346 4443 2996 8834 3190 413 9427 7218 4289 5470 5989 2352 6448 8387 6669 5776 8500 5414 6096 480 9229 9764 2322 2082 2816 4126 4348 8233 2856 4567 8401 6741 2997 4712 3789 1505 7379 8503 8085 5690 3411
38
8477 8368 923 6804 4113 6463 8628 5570 6373 6962 6333 2832 7557 419 1710 7727 3193 3586 1491 3433 4667 2201 2819 2113 8989 3043 3724 3948 9709 3002 3914 4305 8919 7461 7374 9140 5874 11438
8
5522 2924 761 7820 1990 4783 2651 7609
49
1680 5273 484 366 3797 9680 5876 4618 1182 6313 714 4529 6746 4275 7727 7149 9144 8594 7950 3501 8167 4331 2540 990 2872 105 824 7319 7071 5174 5261 5855 7463 552 3708 8174 5294 1774 5068 6363 5621 6462 1330 4710 605 435 1860 4905 10875
5
197 5140 2030 4265 3277
26
5538 8591 8089 1100 8768 1941 8420 4462 5405 3603 7375 8399 9834 6453 3031 8536 6949 5368 215 1846 2304 9509 8085 6516 7084 12333
60
8432 4238 2167 7978 7165 4703 1921 588 3606 630 5788 7632 9393 8606 8230 9349 8351 4164 3535 9181 957 326 5231 1773 8669 2816 5023 1711 6617 9688 7805 3185 2764 6789 58 9478 6205 9963 4931 3821 6088 6752 5100 7119 3781 3689 7607 1138 3076 1792 1258 7402 5949 6334 1947 6802 7230 6812 5795 10716
38
9964 8132 5455 5026 4852 3331 100 1687 6830 3867 67 2623 1103 6439 5784 8698 2051 7585 4022 6110 7359 9900 9454 7996 3792 2163 6774 8126 9664 6196 3048 9333 3786 5182 7049 4500 6645 901
40
4641 408 5292 9618 3027 4568 293 8864 3308 597 7691 3738 673 7471 1100 7770 2571 4674 2119 2967 7294 5322 1442 9866 4501 15 8074 3703 5121 3360 5439 2675 3375 3545 8296 5615 2592 9265 2025 10815
32
9667 3533 2787 6016 7556 7773 3223 3242 9584 7976 3568 8708 123 209 2968 4404 133 2967 1467 7556 6462 1467 173 4806 309 9634 9431 2318 6754 3751 8861 7158
68
9704 8640 9044 4763 5430 1973 6108 727 4459 4323 1513 2033 4410 3687 2539 1019 6633 2148 5989 5868 4782 754 3995 9583 4821 4262 2232 1094 8418 8985 7924 7647 4269 4117 7457 8916 4906 8113 344 2912 5841 636 7289 9042 8513 7478 510 5581 2862 2745 5146 8669 6815 8817 6338 7015 6301 7364 2025 634 9596 9064 2701 1889 8618 8707 9446 6153
80
6380 4075 7140 7512 5933 9401 4567 5362 5915 5124 7752 4371 1462 4139 3337 9201 6214 5549 9070 3982 9039 8461 5414 9658 1006 8085 9618 8041 5824 6537 2969 4123 3629 58 5876 8319 3752 2129 1415 2969 633 388 8678 7414 3556 6998 7144 4501 9750 5463 31 1448 627 561 9577 7687 8499 9190 5301 2153 9873 7360 816 7909 4592 3712 6772 6761 2125 2398 9139 3497 1245 3378 2816 5861 3343 7361 3353 12034
9
277 9775 5183 131 4421 357 6986 4196 10376
97
8758 2695 7746 8221 1631 1942 4780 3961 5519 2381 1777 3752 3243 3733 8990 6463 4698 3191 1435 3631 9462 3629 1478 3862 6620 4838 6384 7678 9735 694 6245 9967 3009 2251 5825 3733 7149 7633 7420 9880 832 4396 8591 5499 6713 6953 192 7372 5463 4402 8917 9846 6527 9267 461 2659 152 1690 4422 4641 8098 4918 7278 6363 979 9175 3712 2792 7932 6182 7684 4959 4570 9458 8880 6892 1664 641 6283 9246 1994 2981 4153 1827 7251 1506 7306 1154 2738 6275 8251 2426 3759 1796 4068 261 7410
40
5206 8822 1728 5563 9636 2333 2647 4066 4867 2575 2553 5222 4822 6021 9835 5960 9546 8557 4637 3371 2834 1651 415 4396 5987 5904 395 4049 8579 4814 906 469 9748 4319 5883 1596 4548 6936 6284 1301
84
5341 3259 3229 5173 1020 6547 5286 8673 2263 1126 2715 2060 1282 3448 8728 3956 1690 1497 2551 2977 8074 4568 6202 9641 1282 2800 1867 3417 2418 9062 8478 2157 8558 7707 7972 3500 1265 8481 1027 5924 9059 6693 6313 7185 3802 2683 3596 6278 5732 5009 8072 7911 2861 41 932 693 3810 5863 9223 6421 5525 3368 9443 8112 2311 4086 9616 9734 6819 904 3120 6522 4027 2958 9292 9583 2206 3350 8811 4939 5327 8282 8242 8243
23
8492 4692 5869 5277 9370 1029 1090 9376 1286 8137 1584 3809 4091 2993 1763 9851 4988 1676 9591 7495 9169 7661 5189
90
2051 9600 2578 8931 3293 2895 8869 6920 248 3305 3531 8376 4925 2468 6151 6250 75 5704 1680 9796 1002 9216 8926 5195 8699 5500 6975 930 4404 3989 1724 7553 6820 1544 8568 3804 7512 8099 324 644 2044 4397 4617 5529 5557 8938 8788 4803 6106 2191 5940 4376 9379 167 6934 1054 7446 2929 5742 4462 2332 8382 1902 6437 4143 1598 2063 1375 8667 420 7424 5956 4230 5271 9544 1059 9483 235 2616 6710 9768 2328 5164 7198 2481 2555 4815 6355 1699 9389
97
8425 2546 1480 2089 9688 3514 1886 2689 5459 2523 1849 1142 6878 8809 895 281 1426 4356 8970 81 3776 6015 7843 3621 3279 6333 1149 8679 8524 9788 9585 6957 2282 5097 6196 3123 43 2581 6638 3337 4661 8752 9105 7225 7534 8493 2192 2608 74 2230 5163 8801 2539 4856 3752 8831 4421 150 1512 9508 3396 1256 1342 7040 1576 6614 4708 8088 8171 3877 7751 8775 5743 5842 5076 760 430 1202 7084 7406 5030 3169 2848 2886 6075 8279 3878 3199 1966 524 818 1866 1160 4345 1986 4668 9026
68
8516 4242 4395 1699 7092 8734 247 8111 9877 3916 1676 7185 3795 9597 3102 634 6182 6077 5117 6310 9840 2254 6293 7294 3791 2274 181 6534 7152 7018 7782 9984 755 234 3332 1937 7281 9841 3914 3354 2235 5191 7491 1644 9603 3340 4546 5915 5339 3781 6936 9498 9330 8444 1954 4916 822 7368 4666 3681 439 2002 2844 8863 4858 1736 7293 5892
46
3616 7067 4066 9950 5168 7913 6097 5633 6205 4496 1636 6001 8518 2679 1784 253 6922 4024 6940 8661 1648 1194 420 4916 7694 7786 2891 8547 9201 3951 7484 2150 281 6867 3661 4030 7337 8521 3924 7050 1585 133 3061 692 6831 2534
7
5342 4705 5483 9957 932 7600 11045
16
8712 191 684 2318 3500 8655 4793 1811 5569 4360 5037 9978 146 3392 6933 14213
94
148 9159 6777 9468 1117 9649 8942 1780 1083 3700 4127 7472 7841 5457 5234 6791 3854 8570 3540 148 7846 9358 6493 5740 6698 1643 8425 6931 6820 1193 1130 9298 8403 8011 1152 221 5478 1061 7440 9988 1040 8459 2713 5932 5608 4758 9474 4778 4138 9542 5542 9548 3756 2727 8681 3060 4696 9259 302 9072 5331 4440 6288 5163 2824 628 9094 3469 2721 5331 3080 7757 779 1874 4244 8212 6761 3411 3053 2811 4434 1856 5934 1655 9709 4794 4610 3073 5917 9286 2128 3647 27 3136
8
8248 8908 4208 8356 1466 5002 1556 2976
43
3967 3778 2451 6529 669 3529 1008 8487 8443 1813 1728 2680 6009 3908 6369 5962 4797 767 8367 9268 3489 5950 6627 7423 1179 4245 7001 4950 797 801 2767 633 5241 4026 9231 2847 5712 5185 4756 3709 697 6080 8303
36
7140 3223 2600 6687 1381 2740 318 6013 9391 6199 2089 3454 2200 1550 6244 3085 792 1810 5154 4348 5149 2984 1161 4117 2710 2272 6147 1908 7635 317 7664 7685 7041 5408 4651 5631
66
2628 5711 2682 4252 8508 4250 4365 1902 9911 4039 1851 4579 455 9802 2037 455 3807 6333 3229 6697 2282 5641 5307 4023 1126 7740 7040 262 1312 7484 3688 164 3036 6598 4859 1626 2895 9131 7924 8567 1466 8401 3784 7550 8222 5986 6580 5788 1491 3828 1933 1790 2422 8805 1607 5298 6574 5997 9813 1067 6680 9386 1732 8892 8586 5904
9
8658 6666 472 98 1896 1210 1326 3459 4893
87
1541 7843 7423 2189 8169 9093 942 9163 795 9238 6856 4425 7577 155 7625 3878 3399 4889 6945 6855 7487 3507 5931 9604 8957 522 743 1621 223 8802 986 2264 7669 5296 1413 230 1071 5370 726 2149 4358 9990 11 3297 926 4804 8160 4106 9282 7840 300 6263 1223 4345 9367 4282 5534 1295 1773 4289 9985 2232 1123 8383 4648 934 3647 6909 7304 2614 2480 4234 7113 1949 9753 2774 870 9156 6186 2520 1101 5725 2156 3403 1104 9530 747
52
8411 6738 4397 5758 3558 2875 2377 7145 3982 644 6859 5662 2713 8091 2007 2094 6819 1731 7809 4081 8432 4536 797 1044 207 8788 8849 8824 4598 7460 7030 3669 2821 8917 5475 3753 8099 5435 2420 329 9768 776 1634 1582 1253 2641 7842 763 6790 1367 902 1681
65
1019 5406 6032 1758 3897 3135 9529 5806 4465 8429 3530 4080 4323 5259 1132 775 9290 8999 7835 9142 6401 7178 3184 2194 5279 5453 9076 4147 383 3504 7947 8364 3001 7421 6875 44 1942 8975 5852 5069 7653 1266 3036 7648 5403 5240 6587 3642 5886 6770 5016 4487 2411 7888 6430 3908 5132 3305 8324 4100 3045 4412 7920 5807 15784
