100
5
1 2 3 4 5
3
3 5 6
2
5 6
2
5 5
15
687302 891222 680015 570649 690078 544234 730639 838379 418352 881699 401239 710608 376085 491095 330624
15
357639 523241 99306 439085 9237 166591 239550 542627 470127 475 624852 657004 920801 197690 833222
3
327483 134903 899998
5
877100 161288 876309 396475 280458
8
349891 459611 879372 175769 411520 823462 327090 244377
15
913730 326893 937711 186542 700266 206166 976918 394131 411422 496079 825983 508343 365346 917108 399896
12
624896 426000 868650 781604 985913 55475 744240 835611 486856 957194 843537 312428
15
628507 37130 485979 26821 956080 483933 480940 747728 930990 530306 944442 464508 571706 419107 675437
10
435992 605979 163384 27494 195524 828039 453854 134180 158944 692736
4
216345 344132 214960 346861
11
7503 511 4191 3112 5687 6806 9583 4431 4671 8179 13706
15
7782 2041 4421 4936 7891 9110 5092 2653 7778 162 7748 2082 578 7387 10577
12
8379 8224 115 541 3186 8897 266 4926 7437 4148 8703 5391
15
4250 3405 6390 1977 94 8469 7078 1513 1152 7874 5672 9819 1418 2604 6155
11
3158 1129 3250 4809 3324 3232 7219 8320 4092 2922 11837
12
7704 9454 3403 504 4588 4141 6189 9037 1106 9171 9498 6975
12
474 8653 9378 1300 5859 111 7617 4759 5673 6285 2598 7417
11
4336 147 2471 6677 9043 1461 82 1271 2896 4146 15088
13
1813 3398 32 1856 5033 3336 7281 1376 1488 5379 4487 288 2807
6
9670 4227 6178 6754 4088 14589
14
2968 2810 3641 1842 5444 5677 3368 9653 6916 5694 6154 2292 1465 15328
7
7735 7105 2034 8668 5455 6446 12217
5
1 2347 8371 4255 8601
3
7043 2030 7277
6
4974 8942 2692 1372 2239 14055
14
6729 7761 6192 9687 7949 4931 207 8538 1453 81 3053 4547 3761 3180
9
7132 5439 9866 7402 3907 1493 3044 8263 3944
10
2520 498 4065 511 4121 7220 7622 3079 2617 4577
8
7771 3635 9463 2206 6008 8343 1334 3800
6
8633 7401 494 3415 6444 10437
8
7302 9591 3442 6494 6862 458 4283 9826
13
2138 7768 1771 7918 5985 3004 9613 6876 1716 3138 6555 417 16199
12
1925 3411 2528 5651 9289 9648 861 5054 5901 5888 4581 5591
9
5332 6407 4308 3102 9560 9069 7776 4341 6585
13
8392 4360 199 3841 4874 7971 1141 2788 7763 4113 5321 2527 12266
3
9702 1470 8280
11
4990 840 9925 8044 4835 7311 4414 7076 730 8788 3559
9
9281 818 491 3476 8454 6562 247 2278 7097
9
6006 7399 2795 8422 9028 7045 4779 6180 5185
12
7176 1509 8134 6939 426 3406 4131 1905 3939 3605 6493 3983
8
2740 4248 9980 4122 2771 4213 5759 100
7
7876 9185 5825 934 8690 3153 1505
15
3889 6567 8775 3617 4753 8993 2684 5245 6272 7514 8116 7144 6718 927 3346
11
7058 5425 4346 9376 4986 2730 7962 6484 4126 1311 12390
15
5616 4084 4459 8278 3492 5247 720 2778 6773 3302 9820 9022 9353 2641 7752
13
2438 4784 3216 7626 5358 1672 399 9628 5315 585 2100 8940 75
12
9342 3979 4101 1672 5984 1599 7742 5586 2458 6611 1006 13420
3
1705 60 1685
10
9146 9256 6319 4744 4642 385 7671 4591 3941 7531
5
1310 2779 3075 8581 5901
9
7965 9947 9675 4144 314 9041 9211 3441 220
8
9611 7430 4068 7413 7490 1993 8217 4366
7
2304 9634 1771 505 4933 2151 12434
9
5467 7270 4720 5957 9426 1542 1784 3260 9368
6
6327 1832 1150 6848 7701 7988
8
6072 9862 4844 3684 1275 6507 8119 12177
6
5584 3210 5040 2893 9972 10067
9
371 248 4610 3764 6199 7738 5495 5964 6411
15
8475 9721 1689 6456 6106 2933 7473 3003 9682 3569 4830 7810 3526 6418 8653
3
3436 1250 2446
7
6328 7136 1597 8652 1551 9533 1947
9
9620 2746 6796 7145 7343 4124 8670 1814 1072
11
4604 1299 1159 7550 8651 2273 2166 3993 2573 4066 9788
11
1415 9875 6274 2460 6621 9556 1500 1405 6360 8986 9062
3
528 2245 2773
9
7053 7010 4000 494 5537 1565 2931 909 5603
8
4373 8119 7394 3671 7720 1400 4869 5186
5
2678 3965 8899 2126 12166
14
7656 6308 3513 2212 6065 373 4827 1535 389 9573 7574 4286 2514 8619
4
683 4357 8097 3087
5
6840 1562 5519 1546 3879
6
445 8790 3955 8540 2864 8687
11
2625 236 2062 2532 6502 1565 2781 2916 6310 1289 2090
10
2727 2917 4407 9366 8573 3569 8479 8534 8262 14560
13
1394 9247 2192 7186 6038 2363 5717 6007 1960 7237 3462 4002 13225
13
767 6422 5395 9925 8424 1759 530 7131 5827 1950 200 4044 387
3
1303 6844 8107
3
8094 1166 6928
6
2655 5059 5380 2360 1709 781
9
2037 6401 1320 7704 9252 9349 3837 3599 1431
7
1259 2503 670 733 4287 4586 3130
13
8657 86 1118 5214 1466 7355 7614 5343 9670 6221 9229 9738 1476
11
6468 8068 5732 3357 5543 6860 3336 2037 8870 3572 4386
14
2559 9634 9115 5575 23 9631 2375 3517 4154 1209 4796 6163 9787 868
15
3911 8831 2680 8898 5963 876 3899 3604 5827 160 5667 680 6564 4097 7111
15
3934 3396 6224 4011 6066 5636 9627 5643 7687 8494 43 4213 6765 6715 2471
13
6878 4620 5204 6379 8591 2101 6552 8945 9558 480 4856 8623 351
12
3567 7391 8240 2886 975 6719 5588 9206 3256 323 9826 2788
4
8058 4870 635 3591
3
7554 5937 8455
13
8045 9763 7835 7596 1662 3438 1285 4609 4436 8846 9349 1587 14081
11
6369 1845 2117 1718 4575 6325 6036 1174 2695 7301 7501
5
4868 2860 9220 3858 7697
4
2961 2407 3217 3687
6
2954 213 1029 4189 3339 4620
12
4333 6604 8576 6109 8748 8852 6532 8421 1052 7776 1364 6541
