50
24
2 5 22
0
0
1 18
0
0
0
2 10 16
2 13 15
0
0
2 2 24
0
0
2 14 4
2 6 9
2 11 8
0
0
0
2 20 23
2 3 17
2 19 1
2 7 21
24
2 22 3
0
2 5 18
2 7 8
0
2 21 4
0
2 16 20
2 23 10
1 12
0
0
2 11 6
0
0
0
2 14 1
2 19 24
0
2 2 9
0
0
1 10
2 15 13
24
2 20 17
2 4 19
2 16 6
1 8
2 9 12
1 10
0
0
1 7
0
1 14
1 7
1 22
0
0
1 10
1 15
2 24 11
1 8
1 15
1 22
0
2 21 13
1 14
25
1 25
1 25
1 25
1 25
1 25
1 25
1 25
1 25
1 25
1 25
1 25
1 25
1 25
1 25
1 25
1 25
1 25
1 25
1 25
1 25
1 25
1 25
1 25
1 25
0
25
1 7
1 25
1 11
1 16
1 19
1 21
1 20
0
1 14
1 12
1 18
1 5
1 9
1 17
1 10
1 23
1 3
1 6
1 4
1 8
1 1
1 2
1 22
1 15
1 13
25
1 8
1 18
1 13
1 15
1 9
1 4
1 22
1 20
0
1 24
1 6
1 5
1 19
1 12
1 1
2 25 9
1 14
1 3
1 21
1 23
1 7
1 11
1 17
1 2
1 10
25
2 11 24
2 3 4
1 16
2 6 12
2 18 2
0
2 20 17
0
2 1 7
0
1 10
0
1 21
1 23
0
0
2 25 19
2 14 13
0
1 8
0
2 9 5
0
1 15
0
25
2 3 12
1 9
1 16
1 19
2 24 18
1 17
1 9
2 5 20
0
1 11
1 9
2 21 7
1 9
1 22
1 2
1 9
1 9
2 6 15
1 9
2 23 1
1 9
1 9
2 10 4
2 14 25
1 13
24
1 12
1 5
2 24 22
1 23
1 14
0
1 11
1 2
1 4
1 16
1 17
1 6
1 18
1 9
1 8
1 7
1 1
1 19
1 10
1 6
1 20
1 13
1 21
1 15
20
0
10 18 20 9 4 5 19 1 3 8 12
0
0
0
10 18 20 9 4 5 19 1 3 8 12
10 18 20 9 4 5 19 1 3 8 12
0
0
10 18 20 9 4 5 19 1 3 8 12
10 18 20 9 4 5 19 1 3 8 12
0
10 18 20 9 4 5 19 1 3 8 12
10 18 20 9 4 5 19 1 3 8 12
10 18 20 9 4 5 19 1 3 8 12
10 18 20 9 4 5 19 1 3 8 12
10 18 20 9 4 5 19 1 3 8 12
0
0
0
50
2 16 28
0
2 6 49
0
2 38 10
0
2 45 3
2 15 30
0
2 21 17
2 19 37
0
0
2 31 26
0
0
2 25 46
0
0
2 33 8
0
2 9 24
0
2 47 14
0
2 41 43
0
2 42 32
0
2 27 40
0
2 34 39
0
0
0
2 29 1
2 2 7
0
2 35 50
2 18 11
0
0
2 12 36
2 4 22
0
2 48 20
0
0
2 13 44
1 23
50
2 42 41
0
0
2 43 24
0
2 17 40
2 5 35
0
0
2 25 38
0
2 27 45
2 50 28
0
0
2 9 37
0
1 14
2 15 22
0
0
2 11 16
0
2 3 1
0
1 18
0
2 49 30
2 2 13
2 32 6
2 33 47
0
0
0
2 26 18
0
2 46 7
2 23 48
2 21 4
2 44 12
2 36 10
0
0
0
2 20 19
0
2 34 39
2 8 29
0
0
48
0
1 40
1 1
0
1 4
1 40
1 48
0
2 11 16
1 48
1 12
0
2 2 6
0
1 34
1 12
2 47 32
1 14
2 27 42
0
0
2 35 36
2 5 39
1 43
2 45 3
1 14
1 21
0
2 44 31
2 24 46
1 28
1 20
2 18 26
0
1 8
1 8
2 7 10
1 34
1 4
0
2 38 15
1 21
0
1 28
1 1
1 43
1 20
0
50
1 44
1 44
1 44
1 44
1 44
1 44
1 44
1 44
1 44
1 44
1 44
1 44
1 44
1 44
1 44
1 44
1 44
1 44
1 44
1 44
1 44
1 44
1 44
1 44
1 44
1 44
1 44
1 44
1 44
1 44
1 44
1 44
1 44
1 44
1 44
1 44
1 44
1 44
1 44
1 44
1 44
1 44
1 44
0
1 44
1 44
1 44
1 44
1 44
1 44
50
1 36
1 24
1 12
1 14
1 26
1 27
1 46
1 28
1 35
1 41
1 16
1 33
1 44
1 3
1 31
1 10
1 23
1 29
1 7
1 4
1 6
1 2
1 45
1 18
1 11
1 34
1 25
1 42
1 43
1 37
1 5
1 30
1 40
1 22
1 20
1 17
1 9
1 13
1 50
0
1 39
1 1
1 32
1 48
1 47
1 38
1 19
1 21
1 8
1 15
50
0
1 32
1 38
1 31
1 2
1 3
1 6
1 28
1 26
1 8
1 25
1 47
1 14
1 16
1 5
1 44
1 15
1 11
1 4
1 36
1 22
1 40
1 34
1 49
1 12
1 29
1 45
1 39
1 1
1 27
1 24
1 46
1 37
1 35
1 13
1 17
1 19
1 18
1 7
1 9
1 48
1 20
1 33
1 42
1 10
1 21
1 41
1 43
1 23
2 30 1
50
0
2 22 14
1 15
0
0
0
0
2 33 17
0
2 46 49
2 37 25
0
0
2 3 18
0
1 1
0
2 44 21
2 50 45
1 7
0
2 20 47
2 36 16
0
1 42
2 31 8
2 30 41
1 43
2 23 26
1 5
1 4
0
0
2 11 10
0
1 24
1 13
2 27 48
1 35
0
1 12
0
0
0
2 2 34
1 6
1 40
2 28 39
2 9 32
2 38 29
50
1 41
1 28
2 16 36
1 41
1 4
1 41
1 41
2 38 23
1 41
1 26
2 10 47
2 46 30
1 41
1 41
1 13
1 6
2 27 8
1 41
1 41
2 24 34
1 41
1 41
2 11 3
1 40
1 41
1 41
2 50 12
1 41
1 21
2 39 33
1 22
1 25
2 19 37
1 35
1 41
2 14 1
1 41
2 44 43
1 7
1 41
0
1 18
2 5 31
2 32 2
2 29 15
2 42 49
1 48
1 41
1 9
2 20 45
50
1 7
1 4
1 27
1 37
1 48
1 12
1 49
1 40
1 38
1 29
1 36
0
2 50 42
1 2
1 11
1 6
1 15
1 20
1 5
1 44
1 10
1 25
1 16
1 41
1 19
1 8
1 14
1 43
1 30
1 33
1 32
1 22
1 34
1 24
1 17
1 39
1 35
1 28
1 1
1 12
1 45
1 9
1 3
1 23
1 31
1 21
1 26
1 18
1 47
1 46
50
10 39 16 17 25 20 2 21 31 32 40
0
10 41 44 24 35 18 27 43 11 6 1
10 41 44 24 35 18 27 43 11 6 1
10 49 8 30 33 34 45 46 22 29 15
10 39 16 17 25 20 2 21 31 32 40
10 41 44 24 35 18 27 43 11 6 1
10 7 3 28 37 23 26 9 4 42 14
10 41 44 24 35 18 27 43 11 6 1
10 49 8 30 33 34 45 46 22 29 15
10 39 16 17 25 20 2 21 31 32 40
10 49 8 30 33 34 45 46 22 29 15
10 49 8 30 33 34 45 46 22 29 15
10 41 44 24 35 18 27 43 11 6 1
10 7 3 28 37 23 26 9 4 42 14
0
0
10 39 16 17 25 20 2 21 31 32 40
10 49 8 30 33 34 45 46 22 29 15
0
0
10 7 3 28 37 23 26 9 4 42 14
10 41 44 24 35 18 27 43 11 6 1
10 39 16 17 25 20 2 21 31 32 40
0
10 41 44 24 35 18 27 43 11 6 1
10 39 16 17 25 20 2 21 31 32 40
10 41 44 24 35 18 27 43 11 6 1
10 7 3 28 37 23 26 9 4 42 14
10 7 3 28 37 23 26 9 4 42 14
0
0
10 7 3 28 37 23 26 9 4 42 14
10 7 3 28 37 23 26 9 4 42 14
10 39 16 17 25 20 2 21 31 32 40
10 49 8 30 33 34 45 46 22 29 15
10 41 44 24 35 18 27 43 11 6 1
10 49 8 30 33 34 45 46 22 29 15
0
0
10 39 16 17 25 20 2 21 31 32 40
10 41 44 24 35 18 27 43 11 6 1
10 39 16 17 25 20 2 21 31 32 40
10 39 16 17 25 20 2 21 31 32 40
10 7 3 28 37 23 26 9 4 42 14
10 7 3 28 37 23 26 9 4 42 14
10 49 8 30 33 34 45 46 22 29 15
10 49 8 30 33 34 45 46 22 29 15
10 7 3 28 37 23 26 9 4 42 14
10 49 8 30 33 34 45 46 22 29 15
5
2 4 2
0
0
1 2
1 2
5
1 2
0
1 5
2 3 1
0
5
0
2 3 5
1 5
1 3
0
5
0
1 1
0
2 2 1
1 3
5
0
0
1 2
2 3 1
1 2
49
1 43
0
1 4
1 41
0
2 31 23
3 15 4 13
0
0
1 15
0
2 43 26
1 10
2 8 2
0
1 11
0
1 24
0
2 1 29
0
2 1 47
2 20 3
0
3 36 20 1
0
3 10 1 26
1 10
1 17
4 42 5 39 12
1 2
2 42 39
2 38 42
0
0
0
0
0
1 3
1 24
0
1 35
1 11
0
1 42
2 21 39
1 5
1 9
1 5
47
0
2 39 15
0
0
1 16
1 20
1 40
1 17
1 13
1 16
0
0
0
0
0
1 11
1 13
2 31 15
2 35 45
4 17 45 16 23
1 46
3 27 37 14
1 44
1 39
2 11 27
0
0
3 38 39 22
0
2 15 12
1 21
1 11
1 5
5 45 10 38 11 23
2 40 37
0
1 4
2 39 13
0
0
0
1 24
0
1 47
0
1 1
0
48
0
0
2 29 21
0
1 37
0
1 6
1 33
0
0
3 28 31 38
2 31 35
2 2 12
4 38 25 16 9
1 2
0
2 45 28
3 32 9 31
1 39
0
0
1 6
2 20 44
0
0
2 31 48
2 20 16
0
1 40
0
0
0
1 24
1 20
1 33
1 16
0
2 39 20
0
1 46
2 24 34
0
2 34 37
1 31
0
0
2 32 7
3 27 2 39
43
1 33
1 5
0
1 12
2 22 14
0
0
2 17 31
1 34
3 28 5 16
4 30 2 37 28
0
0
1 27
2 22 43
1 27
1 39
2 27 30
1 2
0
0
0
2 22 34
3 5 29 37
1 13
1 22
0
0
0
0
0
2 40 21
2 3 17
0
3 2 39 26
0
0
4 25 31 15 40
0
1 28
0
1 20
0
44
0
2 36 16
0
2 1 24
5 1 39 8 7 25
2 23 1
0
1 14
3 33 10 15
0
0
1 32
0
0
0
0
2 1 36
2 38 36
0
2 23 11
2 41 35
2 4 36
0
2 34 14
1 19
2 6 20
1 7
0
1 17
0
1 10
0
1 31
1 36
1 41
0
0
0
1 31
2 41 34
0
0
3 20 19 23
1 11
40
1 15
1 14
4 4 17 18 27
1 22
0
1 26
0
1 27
5 29 20 4 23 36
0
1 26
0
0
0
0
0
1 35
0
2 7 14
0
1 18
0
1 30
3 30 9 16
0
0
0
1 34
1 30
0
0
1 24
2 23 12
1 14
0
1 31
2 22 25
3 6 18 8
3 29 17 10
2 36 17
44
0
0
1 12
1 17
0
2 19 15
0
1 16
2 2 39
0
2 14 23
0
1 22
0
0
2 20 2
1 19
0
0
5 41 14 6 12 18
2 18 15
4 29 26 37 11
0
1 40
2 17 40
1 10
0
1 1
1 18
2 15 6
0
1 26
3 15 18 6
0
1 7
1 15
1 10
0
2 44 42
1 5
1 19
0
0
1 10
41
1 30
2 38 18
0
0
2 13 6
1 11
0
0
0
1 19
0
1 8
1 35
0
0
2 7 9
2 20 19
0
2 8 30
0
0
0
0
1 11
1 2
2 8 12
1 8
0
0
0
0
2 27 26
0
1 11
1 28
0
0
0
1 24
1 5
1 38
48
1 48
1 43
1 21
0
0
1 8
0
0
2 11 35
1 46
0
1 11
0
0
2 28 31
1 43
0
0
1 4
0
0
1 35
0
2 3 41
0
0
1 18
0
0
1 44
0
0
1 21
0
1 23
0
3 36 10 1
0
2 43 10
0
1 5
2 25 44
0
0
0
0
4 24 3 31 4
1 5
48
0
0
0
0
0
1 20
0
0
3 28 15 12
2 28 32
0
1 28
0
0
0
0
0
1 15
0
0
0
2 2 4
1 6
0
3 45 35 37
0
1 5
0
1 45
0
1 46
0
0
4 42 20 40 14
1 4
0
1 26
1 28
0
1 28
0
0
0
1 30
0
0
3 33 2 3
3 22 45 46
43
0
0
2 11 5
1 42
0
1 40
0
0
0
0
1 1
0
0
0
0
1 38
2 1 5
0
0
0
0
0
2 42 17
2 35 12
0
1 22
1 22
2 15 7
0
0
0
1 38
1 14
0
0
3 22 20 8
1 11
0
1 26
1 31
3 3 19 24
0
1 15
46
2 25 9
1 43
0
0
2 11 20
0
2 24 13
0
1 31
0
1 33
0
0
0
4 21 11 4 17
0
1 21
0
0
0
0
0
1 10
0
1 6
0
2 33 44
2 11 10
2 5 14
0
1 43
0
0
0
1 40
1 3
1 18
1 18
1 19
0
0
2 26 45
0
0
0
0
50
1 32
0
1 46
0
0
0
2 45 40
2 9 6
1 21
0
1 15
0
0
1 44
0
0
0
0
0
0
0
2 8 46
0
1 1
1 35
1 23
1 21
2 5 43
1 30
0
0
0
1 19
1 37
0
1 30
0
1 40
2 37 48
0
1 16
0
0
4 21 41 47 37
2 27 42
0
0
1 42
0
1 9
44
1 37
0
0
0
0
3 28 35 41
0
0
0
1 25
1 33
0
0
2 42 36
0
0
0
0
2 12 28
1 19
0
1 17
1 17
0
0
1 12
2 12 36
0
0
1 24
1 23
2 9 13
1 14
1 30
1 28
0
1 17
1 36
0
1 10
0
0
1 17
2 7 36
49
0
0
2 10 15
2 24 37
1 43
0
0
0
3 32 43 13
0
0
1 41
0
0
1 38
2 35 21
0
0
1 22
0
1 1
2 42 37
0
0
0
2 44 10
0
0
0
2 3 32
2 27 15
1 39
2 15 11
0
1 24
0
1 40
0
0
0
0
1 6
0
1 3
1 29
0
1 48
1 38
0
50
0
1 45
0
0
0
1 18
0
1 49
0
1 36
1 37
1 24
2 12 31
0
0
1 38
0
0
1 37
0
0
2 24 2
1 30
0
0
1 19
0
0
2 49 42
1 29
0
0
0
0
0
1 14
0
0
1 48
2 47 13
2 3 18
1 28
2 17 39
1 49
0
2 32 15
1 19
2 12 32
0
1 28
42
2 21 23
0
0
0
1 8
0
1 34
1 39
1 21
0
0
2 33 21
2 7 15
2 9 25
0
1 6
0
0
0
1 19
0
0
0
0
0
0
1 31
0
1 32
0
0
2 11 27
2 11 26
1 9
2 40 7
1 18
1 1
0
0
0
3 18 9 21
0
44
0
0
1 18
0
2 13 23
1 25
0
0
1 43
1 40
0
2 15 16
1 43
1 7
0
0
0
2 16 39
1 34
1 36
0
1 17
0
1 30
1 16
0
0
2 33 31
0
0
2 41 17
2 36 38
0
0
1 16
1 7
0
0
0
0
3 10 30 25
0
0
1 23
44
0
0
3 35 19 32
0
1 37
0
0
0
0
0
0
0
1 36
0
0
0
0
0
0
0
1 5
0
0
0
0
0
0
1 40
4 1 23 37 10
0
0
1 24
0
1 5
0
0
0
0
0
1 44
0
0
0
0
50
1 46
2 10 13
0
0
0
0
0
1 6
0
0
0
0
0
0
1 13
0
0
0
1 9
0
0
0
0
0
0
0
1 20
0
0
1 24
0
0
1 22
2 16 48
0
0
0
0
0
0
2 26 25
0
0
1 24
0
1 25
0
0
0
1 23
49
0
0
0
0
0
0
0
0
0
1 19
0
0
0
0
0
0
1 46
1 22
0
0
0
0
0
1 23
1 46
0
0
0
1 22
1 25
0
0
0
0
0
0
0
3 19 36 46
0
2 26 22
1 10
0
0
1 20
0
0
0
1 20
1 19
47
1 37
0
0
0
0
0
0
2 45 44
0
0
1 9
0
1 31
0
0
0
0
0
0
0
2 12 5
0
0
1 16
0
0
0
0
0
2 34 47
0
0
1 4
2 4 16
0
0
0
0
0
0
1 44
0
0
0
0
1 18
0
41
0
1 40
0
0
0
0
0
1 13
1 41
0
1 2
1 18
0
0
0
2 20 18
0
0
0
0
0
0
2 21 5
0
0
0
0
1 15
0
0
0
0
1 17
0
0
0
1 40
0
0
1 20
0
43
0
0
0
0
0
1 33
1 8
0
0
0
0
0
0
0
0
3 36 11 22
0
2 5 4
1 17
0
1 32
0
1 40
0
0
0
1 39
0
0
0
1 30
0
0
0
0
0
0
1 25
0
0
0
1 28
0
45
1 30
0
0
1 42
1 44
1 12
0
1 36
0
0
1 41
0
0
0
0
0
1 3
1 40
0
1 26
0
0
0
0
0
0
0
0
0
1 12
0
0
0
1 41
0
0
0
0
0
0
1 38
0
1 27
1 7
1 23
