50
24
0
1 21
0
2 18 6
0
2 5 23
2 3 2
2 17 11
0
2 16 24
2 22 13
0
2 15 7
0
0
0
0
0
2 14 20
2 1 10
0
0
2 9 8
2 12 4
24
0
2 22 8
2 9 4
2 13 10
2 18 17
2 1 5
1 11
2 7 11
0
2 21 6
1 15
2 14 23
0
0
0
0
2 24 20
0
0
2 16 2
0
0
2 19 3
0
24
2 22 20
0
1 13
1 13
2 8 15
1 9
0
1 2
0
0
2 14 23
1 9
0
1 18
1 2
1 10
2 16 24
0
2 4 3
1 7
2 6 12
1 7
1 18
1 10
25
1 7
1 7
1 7
1 7
1 7
1 7
0
1 7
1 7
1 7
1 7
1 7
1 7
1 7
1 7
1 7
1 7
1 7
1 7
1 7
1 7
1 7
1 7
1 7
1 7
25
1 19
1 18
1 15
1 11
1 3
1 14
1 5
1 4
1 6
1 7
1 21
1 2
1 23
1 24
1 20
1 17
1 13
0
1 22
1 16
1 12
1 8
1 9
1 1
1 10
25
1 4
1 22
1 12
1 10
1 21
1 14
1 25
1 19
1 7
1 3
1 5
1 6
2 23 25
1 20
1 24
1 15
1 16
1 8
1 17
1 18
1 9
1 11
1 1
1 2
0
25
0
0
0
2 17 5
2 21 18
0
2 1 3
1 15
0
0
1 24
1 25
2 16 9
1 6
0
0
2 23 22
2 14 7
1 10
1 2
2 19 20
2 8 13
2 11 12
0
0
25
2 14 12
1 6
1 16
1 16
1 16
1 16
1 13
1 16
2 3 15
2 17 23
1 24
2 22 9
1 16
2 21 11
1 16
0
2 20 7
2 10 1
1 8
1 5
1 25
1 4
2 19 2
1 16
1 16
24
1 14
1 19
1 12
1 16
1 11
1 18
1 13
1 15
1 2
1 22
1 7
1 9
1 17
1 23
1 4
1 6
0
1 1
1 24
2 8 3
1 5
1 17
1 10
1 21
20
0
0
10 12 15 2 1 11 6 4 5 7 13
0
0
0
0
10 12 15 2 1 11 6 4 5 7 13
10 12 15 2 1 11 6 4 5 7 13
10 12 15 2 1 11 6 4 5 7 13
0
0
0
10 12 15 2 1 11 6 4 5 7 13
0
10 12 15 2 1 11 6 4 5 7 13
10 12 15 2 1 11 6 4 5 7 13
10 12 15 2 1 11 6 4 5 7 13
10 12 15 2 1 11 6 4 5 7 13
10 12 15 2 1 11 6 4 5 7 13
50
0
2 39 42
0
2 14 16
0
0
0
1 1
2 21 47
0
0
2 30 40
0
0
2 35 8
2 49 9
2 29 23
2 7 45
0
2 26 32
0
0
2 11 2
0
0
0
2 25 33
2 46 20
0
0
2 5 18
2 10 44
2 24 31
2 38 50
0
2 48 34
0
0
0
2 22 36
2 13 15
2 6 27
0
2 37 4
2 19 12
0
2 43 17
0
0
2 3 41
50
2 22 43
2 49 4
0
2 34 31
0
2 25 7
2 14 45
0
2 3 1
0
2 46 47
2 15 32
2 26 19
0
0
0
0
2 37 6
2 23 30
0
2 50 13
0
0
0
0
0
1 35
2 5 41
0
2 17 44
2 36 21
2 39 27
2 48 11
0
0
0
0
2 24 33
1 27
2 20 18
2 16 9
0
2 29 12
2 8 28
2 10 38
0
2 42 2
0
0
0
48
1 37
2 26 8
0
1 21
2 39 30
1 32
1 33
1 3
1 32
0
2 18 48
0
0
2 45 16
2 28 22
1 43
1 12
1 10
1 12
0
0
1 20
2 9 6
1 21
1 13
1 3
1 41
1 20
1 33
1 31
0
0
0
2 29 7
1 37
1 13
0
2 17 19
1 31
2 47 27
0
2 25 36
0
2 1 35
1 43
2 4 24
1 41
1 10
50
1 8
1 8
1 8
1 8
1 8
1 8
1 8
0
1 8
1 8
1 8
1 8
1 8
1 8
1 8
1 8
1 8
1 8
1 8
1 8
1 8
1 8
1 8
1 8
1 8
1 8
1 8
1 8
1 8
1 8
1 8
1 8
1 8
1 8
1 8
1 8
1 8
1 8
1 8
1 8
1 8
1 8
1 8
1 8
1 8
1 8
1 8
1 8
1 8
1 8
50
1 9
1 40
1 5
1 23
1 48
1 49
1 36
1 45
1 16
1 46
1 42
1 41
1 7
0
1 24
1 50
1 35
1 38
1 15
1 8
1 2
1 27
1 6
1 13
1 37
1 25
1 10
1 1
1 28
1 17
1 22
1 3
1 47
1 32
1 39
1 31
1 44
1 26
1 29
1 20
1 19
1 34
1 14
1 30
1 11
1 33
1 4
1 18
1 43
1 12
50
1 37
1 45
1 10
1 43
1 8
1 35
1 49
1 27
1 1
1 42
1 23
1 26
1 6
1 20
1 12
1 25
1 28
1 22
1 5
1 50
1 4
1 32
1 39
1 9
1 19
1 34
1 11
0
1 46
2 38 28
1 44
1 33
1 17
1 41
1 31
1 15
1 40
1 24
1 47
1 3
1 14
1 21
1 48
1 7
1 29
1 36
1 13
1 16
1 2
1 18
50
1 46
1 33
0
0
2 15 34
0
0
0
2 39 2
2 47 31
2 10 24
0
0
2 11 42
1 27
1 19
2 48 5
2 3 38
0
0
0
2 9 28
1 41
2 43 44
1 21
0
0
2 16 35
1 8
0
2 45 1
1 7
0
2 30 4
2 12 13
1 49
0
0
1 20
1 37
0
2 17 22
2 32 29
2 40 18
1 6
0
2 36 23
2 50 25
0
1 26
50
1 48
1 34
1 37
2 22 21
1 34
1 34
1 34
1 34
2 19 1
1 36
1 38
2 2 23
1 50
2 20 35
1 7
2 13 12
1 34
2 3 40
1 6
2 10 29
1 30
1 49
1 34
1 5
1 32
2 4 18
1 34
2 26 14
1 17
1 34
2 15 24
1 34
1 27
0
2 25 46
1 34
1 34
1 34
1 34
1 8
2 45 43
2 33 11
2 9 16
1 34
2 42 31
2 44 39
2 28 41
1 34
1 34
1 34
50
1 29
1 31
1 34
1 1
1 47
1 48
1 50
1 32
1 36
1 20
1 6
1 18
1 43
1 38
1 26
1 27
1 45
1 19
1 17
1 35
1 22
1 23
1 33
1 14
0
1 21
1 44
1 12
1 15
1 13
1 46
1 3
1 11
1 28
1 8
1 5
1 2
1 30
1 9
1 16
1 4
1 24
1 41
1 25
1 7
1 10
1 25
1 40
2 37 42
1 39
50
10 25 27 38 31 48 4 40 33 49 19
10 25 27 38 31 48 4 40 33 49 19
10 24 46 13 32 43 41 39 44 20 21
10 11 18 28 17 15 30 9 16 37 10
10 25 27 38 31 48 4 40 33 49 19
10 25 27 38 31 48 4 40 33 49 19
10 24 46 13 32 43 41 39 44 20 21
10 24 46 13 32 43 41 39 44 20 21
10 50 8 35 12 36 22 3 14 7 42
10 50 8 35 12 36 22 3 14 7 42
10 50 8 35 12 36 22 3 14 7 42
10 24 46 13 32 43 41 39 44 20 21
0
10 24 46 13 32 43 41 39 44 20 21
10 50 8 35 12 36 22 3 14 7 42
10 50 8 35 12 36 22 3 14 7 42
10 50 8 35 12 36 22 3 14 7 42
10 50 8 35 12 36 22 3 14 7 42
10 11 18 28 17 15 30 9 16 37 10
0
0
10 24 46 13 32 43 41 39 44 20 21
10 25 27 38 31 48 4 40 33 49 19
0
10 11 18 28 17 15 30 9 16 37 10
10 25 27 38 31 48 4 40 33 49 19
10 11 18 28 17 15 30 9 16 37 10
10 50 8 35 12 36 22 3 14 7 42
10 25 27 38 31 48 4 40 33 49 19
10 50 8 35 12 36 22 3 14 7 42
10 11 18 28 17 15 30 9 16 37 10
0
10 11 18 28 17 15 30 9 16 37 10
10 25 27 38 31 48 4 40 33 49 19
10 24 46 13 32 43 41 39 44 20 21
10 24 46 13 32 43 41 39 44 20 21
10 50 8 35 12 36 22 3 14 7 42
10 11 18 28 17 15 30 9 16 37 10
0
10 11 18 28 17 15 30 9 16 37 10
0
10 24 46 13 32 43 41 39 44 20 21
0
0
10 25 27 38 31 48 4 40 33 49 19
0
10 25 27 38 31 48 4 40 33 49 19
10 11 18 28 17 15 30 9 16 37 10
10 11 18 28 17 15 30 9 16 37 10
10 24 46 13 32 43 41 39 44 20 21
5
0
2 1 3
2 4 1
0
0
5
1 3
2 4 5
0
1 5
0
5
2 4 5
2 3 1
0
0
0
5
1 3
1 3
0
0
2 4 1
5
0
0
2 5 2
2 2 5
0
40
1 38
1 29
2 16 9
1 16
1 28
2 30 39
0
0
0
2 12 38
1 14
1 9
3 15 30 12
2 5 24
1 11
1 12
0
1 23
1 26
1 24
3 9 27 40
0
0
0
0
0
0
2 1 12
0
0
1 38
1 4
2 26 10
4 10 21 11 5
0
1 20
1 27
0
1 10
2 17 12
49
2 6 42
2 27 35
1 24
0
0
1 11
1 10
0
5 25 46 29 3 44
0
0
1 28
0
1 15
1 27
0
0
2 37 15
2 43 5
1 42
4 49 25 20 6
0
0
3 40 35 17
1 46
3 47 28 25
0
0
2 26 30
0
3 5 35 30
2 17 6
0
1 21
0
0
1 45
3 22 45 40
0
0
1 40
0
0
1 49
0
0
0
4 39 16 30 12
0
40
1 35
1 24
0
1 13
2 17 25
0
2 33 20
0
1 22
2 4 29
0
1 16
1 23
0
0
0
2 20 11
3 15 11 20
1 22
0
1 18
1 14
1 20
0
1 15
3 11 39 9
1 2
1 24
0
2 15 40
0
2 28 40
0
0
0
3 17 2 22
4 8 18 16 32
1 8
0
1 15
47
0
0
0
2 40 45
1 29
0
1 38
0
1 29
1 23
1 22
3 29 44 11
0
3 36 43 44
0
0
2 39 44
1 13
1 46
0
0
1 3
1 27
2 28 13
0
1 11
0
0
1 28
1 25
0
1 18
3 40 46 39
1 16
0
1 29
1 15
4 28 1 16 37
0
1 36
2 5 11
0
1 33
0
2 29 43
3 2 44 35
3 20 28 43
48
0
4 38 19 18 30
0
0
0
0
2 36 44
0
1 16
3 31 45 29
1 45
0
1 31
2 36 26
1 40
0
1 32
2 21 1
2 45 5
0
0
0
1 47
5 22 28 47 36 14
0
2 40 6
0
1 33
0
1 5
0
0
0
0
1 21
2 31 5
3 13 9 8
1 22
0
1 9
3 20 21 29
0
0
4 37 32 4 1
1 6
2 8 10
0
0
43
2 14 2
0
0
2 40 7
1 19
2 17 3
1 19
0
1 17
3 17 9 38
3 23 40 22
0
0
1 15
0
1 19
0
1 4
0
1 19
1 2
2 12 15
0
0
1 33
0
1 12
0
0
2 32 20
3 2 7 1
1 16
1 5
2 12 11
0
2 39 31
3 8 24 17
0
0
0
5 19 12 18 32 43
0
0
48
2 23 2
1 41
0
1 39
0
0
0
0
2 48 27
2 30 20
0
1 5
0
4 10 27 37 2
0
0
0
0
4 31 21 25 37
1 47
0
0
1 34
2 13 36
1 9
1 47
0
4 27 37 39 2
1 30
0
0
3 20 47 11
4 7 26 30 24
1 21
1 44
2 5 35
1 30
2 36 23
2 6 36
0
0
1 12
0
0
1 13
1 5
0
1 5
41
0
1 41
1 34
1 32
0
1 37
0
1 22
0
0
2 5 19
1 41
2 27 7
0
0
0
0
1 4
0
1 29
4 17 27 12 8
0
2 26 15
0
0
0
2 25 30
0
0
0
2 32 25
0
1 17
1 14
0
0
1 36
1 33
0
1 3
0
42
0
0
0
1 1
1 39
1 32
0
1 31
1 14
0
1 30
1 24
0
0
0
0
1 1
1 10
1 1
1 32
0
0
0
2 2 22
1 35
1 27
1 10
0
0
0
1 36
0
1 28
3 41 27 1
1 42
1 32
1 35
0
1 4
1 33
0
2 27 41
46
3 37 39 44
1 3
0
0
0
0
2 25 24
1 25
1 26
0
0
0
1 22
0
2 5 27
0
0
2 4 26
1 16
1 11
0
0
1 10
0
0
1 10
0
0
1 22
0
2 12 10
0
0
1 17
1 33
1 28
1 15
1 37
0
1 25
1 24
0
0
2 5 28
1 21
0
47
0
1 10
0
0
0
0
0
0
1 42
0
1 47
1 40
1 4
0
3 25 47 23
0
0
1 32
1 7
4 12 47 23 38
0
0
0
1 5
0
0
0
1 35
1 18
3 35 12 8
0
0
0
1 2
0
1 33
0
3 1 6 16
1 8
0
0
1 23
1 46
1 34
2 8 6
0
0
42
0
0
1 42
2 30 24
1 17
0
0
0
2 39 30
1 38
0
1 33
0
0
0
0
1 26
2 41 4
0
2 38 5
0
3 16 42 8
0
0
1 34
0
2 38 19
1 17
0
0
0
1 16
0
0
0
2 27 42
1 15
0
0
0
0
4 12 28 20 38
42
0
1 5
1 18
1 37
0
0
1 25
0
0
2 25 11
4 5 20 16 14
0
2 20 38
0
2 12 11
0
0
0
0
1 36
2 25 10
0
1 16
0
0
0
1 2
0
0
2 14 33
0
2 27 31
0
0
1 26
0
0
0
1 8
1 20
0
2 24 12
43
1 32
0
0
2 34 40
0
0
0
4 29 33 27 10
3 35 16 26
0
3 16 42 34
0
0
0
3 5 12 8
0
0
1 23
0
1 10
1 19
1 11
0
0
0
0
0
1 30
1 3
1 39
1 2
2 25 24
0
0
0
0
0
0
0
0
0
1 5
1 24
49
0
0
0
1 48
3 16 27 36
0
0
1 28
1 33
1 43
4 13 15 17 43
1 26
0
1 48
0
1 27
1 1
0
0
0
0
1 49
0
0
2 19 48
0
0
0
0
0
1 48
0
2 11 27
1 29
0
0
1 18
0
0
0
3 35 28 24
0
0
1 26
1 43
3 26 17 1
0
0
1 45
43
0
0
0
0
1 33
0
3 3 28 21
0
0
0
3 28 27 31
2 29 39
0
3 20 34 29
1 26
0
1 29
0
2 20 27
0
1 24
0
0
0
2 30 26
0
0
0
0
1 10
0
1 3
0
0
1 30
0
0
0
1 26
2 15 3
2 23 6
0
1 28
46
1 23
0
0
2 22 18
1 13
2 46 33
3 9 13 3
0
2 39 2
0
0
0
1 11
0
1 24
1 38
0
0
2 8 3
0
0
1 31
1 12
0
1 35
0
0
1 13
1 5
1 35
0
0
0
1 9
0
1 44
0
0
0
0
0
3 14 8 16
1 26
1 12
1 35
0
42
0
3 32 22 29
0
0
1 37
0
1 16
1 29
0
2 1 38
0
0
3 15 23 16
0
2 41 14
0
1 6
0
0
0
3 36 10 24
3 27 20 7
0
0
0
1 28
1 6
0
0
0
1 41
0
0
2 17 12
2 5 14
0
0
0
1 14
0
0
0
49
0
0
2 19 24
0
0
1 8
0
0
0
0
0
0
0
0
0
0
1 8
0
1 48
1 17
1 39
1 2
0
0
0
0
0
0
0
0
0
2 47 1
2 24 47
1 25
0
0
0
0
0
0
0
1 14
1 24
1 47
0
0
0
0
0
47
1 46
1 35
1 36
0
0
2 7 44
0
2 6 41
0
1 26
1 15
1 15
0
0
0
0
0
0
0
2 19 15
0
0
0
0
0
0
0
0
0
0
0
0
1 31
1 37
0
1 21
0
0
0
0
0
0
0
0
0
0
0
47
1 44
0
1 14
0
0
1 15
0
0
0
0
2 9 37
0
0
1 44
0
1 5
0
0
0
0
0
0
2 4 31
0
0
0
0
0
0
0
0
1 38
2 26 4
1 4
0
0
0
0
0
0
1 39
0
0
0
0
1 13
0
40
0
0
2 17 21
0
0
1 22
0
1 31
0
2 38 32
0
1 2
0
1 23
0
0
0
0
0
0
0
0
0
0
0
0
1 36
0
1 32
1 26
0
0
0
0
1 7
0
0
1 23
0
0
44
0
0
1 41
0
1 44
1 27
0
0
2 35 22
0
0
1 26
0
2 11 26
0
0
0
0
0
0
2 12 5
0
0
0
0
0
0
1 13
1 23
1 19
1 23
0
0
0
0
0
0
0
0
0
0
0
0
0
49
0
1 3
0
1 46
1 36
0
0
0
0
0
1 26
0
1 10
0
1 35
0
0
0
0
0
0
0
2 40 22
0
1 20
1 40
0
0
1 32
0
0
0
1 10
2 44 32
0
0
0
0
0
0
0
0
1 3
0
0
0
0
0
1 40
41
0
0
0
2 8 30
0
1 15
1 29
0
0
0
2 5 26
0
0
1 16
0
0
0
2 34 37
0
0
0
0
0
0
0
0
1 37
0
0
0
0
1 3
0
0
1 17
0
0
0
0
0
1 26
