50
4 6 4
1 4 2 1
100 10 1
1
5 5 10
2 4 2 3 4 2 1 2 1 3
1 1 1
1
100 2 2
1 2
1000 100 10
4 3 9 1 2 5 6 9 1 10
1 10 10
4 3 4 1 2 5 6 9 1 10
1 10 9
1 1 1 1 1 1 1 1 1
1000 10 9
1 1 1 1 1 1 1 1 1
934 9 10
8 8 8 8 8 8 8 8 8 8
734 3 10
1 2 3 3 2 1 1 2 3 1
345 19 10
10 10 10 10 10 10 10 10 10 10
765 10 10
10 1 10 1 10 1 10 1 10 1
1000 100 10
10 10 10 10 10 10 10 10 10 10
734 20 10
1 2 3 4 5 6 7 8 9 10
631 16 10
10 9 8 7 6 5 4 3 2 1
4 5 7
1 3 5 1 1 1 5
2 14 5
5 10 4 3 9
4 10 9
3 6 6 4 7 10 4 10 1
2 8 5
1 8 3 8 7
585 13 10
5 10 10 10 2 3 2 10 10 9
468 8 9
4 2 3 1 3 2 3 2 1
766 6 9
4 3 3 5 3 5 5 2 4
881 7 9
6 7 7 3 5 6 5 3 3
6 24 10
2 1 3 1 10 4 3 1 8 5
8 29 9
1 2 9 5 6 5 2 10 2
6 20 10
1 2 4 9 6 1 10 9 4 10
7 28 10
10 9 9 10 8 5 2 1 3 8
36 18 8
7 9 7 7 8 9 8 8
97 26 10
8 9 6 5 8 7 8 9 5 8
203 39 10
9 7 7 9 5 6 7 7 5 6
206 25 8
7 8 9 8 7 8 9 5
500 52 10
8 6 9 7 6 6 7 7 8 9
451 15 9
6 7 5 7 8 5 5 7 9
119 20 9
9 9 6 9 8 6 5 6 5
614 82 10
6 5 6 7 6 6 7 7 5 7
607 26 8
7 8 6 8 9 9 5 5
247 62 6
9 6 7 9 5 5
284 14 5
6 8 8 5 5
637 51 7
8 6 6 7 7 5 5
587 55 7
8 7 9 9 6 5 9
234 84 9
8 8 6 6 8 9 6 8 7
380 83 7
7 6 9 9 6 7 7
933 40 6
7 8 7 8 6 8
534 32 7
8 6 5 5 5 5 8
24 65 7
8 7 5 9 8 6 7
373 50 9
7 7 6 7 6 7 5 5 7
277 55 6
8 5 8 5 7 6
924 92 6
8 5 8 7 6 9
312 29 5
6 7 7 9 7
