100
23 807 928
103 143 88
229 660 911
169 524 923
386 860 375
1 1 1
5 1 1
1 1 1000
156 268 577
3 1 2
456 552 116
3 1 1
479 386 209
923 713 570
903 548 283
572 973 834
787 204 159
913 503 204
688 215 175
1 2 4
532 979 956
483 829 856
390 291 627
512 512 257
760 842 802
512 512 256
220 300 144
513 513 257
4 5 2
4 3 2
3 4 2
177 473 348
394 581 496
4 1 1
512 512 513
4 5 2
1 4 4
18 127 533
997 51 46
513 513 512
158 88 325
382 110 808
372 967 253
974 787 704
512 512 2
151 234 48
5 1 5
632 21 13
712 187 141
63 71 60
1000 1000 1
450 455 956
707 266 220
4 1 1
45 56 35
327 79 51
47 65 44
142 115 82
513 513 2
342 232 605
384 215 115
5 4 4
551 776 397
513 513 256
310 352 655
513 513 1
337 915 95
306 53 3
656 848 861
512 512 1
2 1 1
639 262 183
466 771 338
5 1 3
292 875 696
3 3 3
798 835 334
475 825 683
4 1 1
3 2 1
2 5 2
943 991 212
4 4 4
3 2 4
776 902 985
885 678 132
481 286 954
776 148 88
300 642 63
528 237 49
1 1 1
275 226 67
22 503 13
54 825 31
747 171 169
7 8 5
241 639 313
314 953 668
699 454 567
209 63 31
