http://uva.onlinejudge.org/external/5/594.html

111010110111100110100010101
(00010101)(10110011)(11011010)(11100000)
(10101000)(11001101)(01011011)(00000111)

10101000110011010101101100000111
10101000000000000000000000000000
     101100110000000000000000
             1101101000000000

123456789 = 111010110111100110100010101
(111)(01011011)(11001101)(00010101)
(00010101)(11001101)(01011011)(111)
(10101)(10110011)(01011011)(00000111)

123456789 = 00000111 01011011 11001101 00010101
365779719 = 00010101 11001101 01011011 00000111
(10101)(10110011)(01011011)(00000111)

10101 00000000 00000000 00000000
11001101 00000000 00000000