Case #1
-1  -1  -1  -1  -1  -1  -1  -1  -1  -1  
-1  0  50  60  -1  -1  -1  -1  -1  -1  
-1  50  -1  -1  -1  -1  -1  -1  -1  -1  
-1  60  -1  -1  -1  -1  50  -1  -1  -1  
-1  -1  -1  -1  -1  -1  80  70  -1  -1  
-1  -1  -1  -1  -1  -1  -1  40  -1  -1  
-1  -1  -1  50  80  -1  -1  -1  -1  -1  
-1  -1  -1  -1  70  40  -1  -1  -1  -1  
-1  -1  -1  -1  -1  -1  -1  -1  -1  -1  
-1  -1  -1  -1  -1  -1  -1  -1  -1  -1  
Case #2
-1  -1  -1  -1  -1  -1  -1  -1  -1  -1  
-1  0  50  60  -1  -1  -1  -1  -1  -1  
-1  50  -1  -1  -1  -1  -1  -1  -1  -1  
-1  60  -1  -1  -1  -1  50  -1  -1  -1  
-1  -1  -1  -1  -1  -1  80  -1  -1  -1  
-1  -1  -1  -1  -1  -1  -1  -1  -1  -1  
-1  -1  -1  50  80  -1  -1  -1  -1  -1  
-1  -1  -1  -1  -1  -1  -1  -1  -1  -1  
-1  -1  -1  -1  -1  -1  -1  -1  -1  -1  
-1  -1  -1  -1  -1  -1  -1  -1  -1  -1  
