20
4 4 2 2 1 0 2 1 2 3 4
8497 2343 94 193 1000000 5999 1852 70 15 92 16
4 4 1 1 3 1 1 2 2 2 2
36478 39536 170 1 1442 22516 31242 4 70 37 6
39527 38179 294 327 1000000 12899 20050 56 52 99 46
943 715 356 144 449 893 533 86 24 28 90
39491 39608 20414 20014 3 22564 17425 7 17 95 40
37637 35252 131 4 1326 1844 2265 72 38 3 79
6 10 3 2 2 0 0 5 4 3 2
490 844 318 332 275 241 434 79 99 34 80
38095 39579 180 6 1507 11485 32227 86 32 39 26
9883 7515 100 76 1000000 9567 1921 35 86 77 52
24576 30148 1171 1922 740 19787 13047 34 74 34 11
4886 4367 95 87 1000000 3493 4363 2 66 19 64
1163 9027 94 86 1000000 1054 6993 92 90 59 19
35510 11125 1346 1407 395 35248 9485 18 91 26 9
39724 39430 20919 20227 3 7295 34728 28 46 33 14
6503 8478 146 197 1000000 332 8138 33 8 90 43
20133 29990 1305 1623 603 7664 19517 81 90 36 9
5726 4567 144 121 1000000 454 3685 99 81 46 52
