100

59 94

8 33

93 47

33 18

44 7

15 46

77 38

0 1

1 55

63 2

1 85

1 29

68 39

27 96

0 51

93 59

97 53

93 42

53 78

13 97

85 28

43 62

18 95

15 19

51 78

21 52

16 75

34 84

66 61

32 66

64 77

77 13

83 22

56 36

0 21

33 86

49 28

0 19

24 16

38 27

46 11

79 14

38 65

99 4

27 83

22 43

61 0

57 96

22 65

32 75

86 17

61 35

45 13

54 21

29 44

48 28

7 80

42 46

99 98

2 24

77 25

20 90

77 77

86 51

42 70

26 28

87 39

15 84

53 21

58 34

17 6

62 24

38 57

22 36

50 25

12 27

2 32

69 79

9 7

30 3

77 9

31 16

48 98

1 1

19 11

88 36

69 2

13 8

59 35

96 10

60 8

89 62

41 59

93 50

66 76

54 44

85 37

12 33

100 0

87 7
