100

67 60

99 41

94 74

67 2

0 53

44 83

6 4

56 90

34 52

46 75

62 69

90 56

60 98

82 35

78 72

92 45

84 92

86 30

66 5

32 18

59 28

54 17

33 62

7 19

15 5

95 77

74 37

85 86

88 20

22 66

92 14

12 76

6 50

58 24

8 91

95 19

19 49

36 52

11 96

72 26

1 19

55 28

8 41

14 96

61 36

15 5

51 27

33 9

29 91

86 37

82 81

56 54

30 45

58 93

93 82

72 94

53 27

22 14

68 89

62 81

25 77

86 28

56 71

90 86

63 76

75 97

57 84

51 39

29 62

32 22

44 4

68 98

84 43

12 4

32 74

86 9

4 24

38 60

96 80

46 59

56 74

8 13

58 12

4 39

74 36

61 18

93 81

68 77

24 32

33 8

59 19

18 63

99 99

23 92

88 22

3 44

48 63

9 6

75 13

45 49
