10000

1

2

3

4

5

6

7

8

9

10

11

12

13

14

15

16

17

18

19

20

21

22

23

24

25

26

27

28

29

30

31

32

33

34

35

36

37

38

39

40

41

42

43

44

45

46

47

48

49

50

58

64

65

79

87

126

129

173

174

198

218

225

232

243

255

257

258

266

272

277

284

293

294

297

313

330

344

346

354

355

356

366

369

382

383

386

387

390

399

402

415

447

457

459

466

476

482

554

573

581

584

590

592

608

610

615

616

617

618

637

647

653

673

674

687

690

695

696

701

702

708

715

743

763

768

772

777

779

780

786

793

800

826

828

830

852

859

872

876

884

886

894

895

942

943

954

961

979

980

989

1007

1010

1011

1016

1023

1052

1083

1097

1121

1123

1138

1150

1160

1164

1166

1169

1176

1186

1187

1188

1192

1197

1232

1233

1241

1248

1250

1278

1294

1301

1314

1317

1338

1352

1359

1370

1377

1383

1390

1394

1403

1416

1426

1429

1459

1466

1471

1472

1490

1498

1499

1509

1514

1532

1535

1536

1539

1563

1583

1584

1585

1606

1618

1631

1639

1642

1653

1682

1688

1698

1719

1731

1742

1748

1761

1775

1789

1815

1826

1846

1896

1914

1946

1959

1966

1967

1976

1997

2017

2023

2049

2054

2055

2074

2082

2094

2098

2099

2119

2141

2155

2158

2189

2191

2194

2205

2221

2225

2236

2237

2250

2253

2255

2271

2294

2306

2310

2316

2324

2327

2331

2347

2376

2380

2387

2388

2406

2409

2411

2421

2431

2452

2460

2464

2467

2482

2485

2489

2494

2499

2512

2514

2519

2520

2530

2539

2559

2565

2566

2579

2583

2592

2598

2602

2603

2609

2626

2631

2634

2635

2670

2704

2713

2721

2728

2739

2744

2752

2771

2792

2799

2807

2818

2820

2824

2856

2884

2892

2896

2900

2908

2910

2918

2925

2968

2971

2974

2983

2992

2995

2999

3009

3012

3023

3047

3048

3059

3065

3070

3074

3075

3108

3111

3113

3127

3130

3134

3143

3145

3159

3160

3184

3214

3218

3228

3233

3234

3235

3237

3240

3248

3252

3258

3275

3281

3286

3292

3328

3367

3374

3384

3394

3395

3399

3423

3429

3434

3437

3458

3461

3478

3480

3483

3488

3491

3492

3523

3537

3556

3570

3573

3584

3593

3605

3608

3633

3638

3640

3659

3720

3730

3736

3767

3777

3794

3795

3800

3807

3812

3844

3860

3887

3889

3892

3895

3909

3919

3940

3942

3944

3948

3951

3953

3969

4004

4006

4020

4045

4049

4060

4070

4082

4084

4086

4088

4114

4123

4127

4131

4139

4141

4161

4165

4171

4181

4189

4204

4206

4220

4223

4229

4257

4270

4277

4280

4285

4297

4309

4377

4384

4399

4417

4420

4421

4431

4437

4444

4452

4459

4472

4487

4489

4491

4496

4510

4521

4534

4545

4552

4554

4555

4571

4574

4577

4583

4599

4604

4611

4645

4657

4663

4669

4680

4687

4689

4693

4694

4708

4719

4727

4744

4747

4756

4757

4760

4767

4768

4772

4809

4824

4827

4828

4830

4835

4859

4864

4868

4875

4882

4891

4901

4940

4958

4963

4977

4980

4981

4986

4988

4995

4996

4999

5001

5015

5018

5028

5050

5064

5067

5076

5078

5083

5084

5086

5117

5121

5131

5134

5140

5141

5192

5204

5230

5236

5243

5244

5259

5260

5261

5284

5289

5309

5310

5322

5341

5347

5348

5350

5353

5356

5360

5369

5375

5376

5382

5394

5399

5417

5421

5430

5473

5478

5481

5489

5494

5513

5515

5530

5550

5556

5564

5573

5579

5597

5601

5608

5626

5634

5635

5644

5659

5663

5673

5719

5746

5761

5767

5773

5786

5790

5794

5802

5808

5826

5841

5843

5845

5856

5881

5887

5889

5890

5910

5927

5930

5939

5952

5996

6004

6010

6023

6025

6036

6043

6063

6077

6078

6081

6084

6099

6109

6110

6113

6148

6152

6170

6183

6193

6215

6220

6241

6248

6253

6261

6285

6292

6301

6304

6307

6316

6332

6338

6360

6364

6379

6382

6385

6398

6399

6422

6431

6441

6442

6445

6447

6482

6501

6515

6517

6519

6530

6534

6536

6550

6563

6566

6590

6598

6602

6613

6649

6651

6673

6687

6701

6712

6729

6735

6743

6772

6816

6867

6893

6896

6903

6918

6929

6930

6937

6956

6964

6965

6975

6982

6984

6985

6992

7001

7006

7027

7037

7054

7063

7066

7069

7077

7091

7099

7123

7128

7139

7142

7146

7158

7160

7171

7175

7176

7195

7207

7222

7233

7246

7249

7251

7253

7254

7260

7272

7281

7296

7310

7316

7323

7330

7343

7362

7366

7374

7411

7419

7420

7421

7441

7447

7449

7462

7464

7466

7481

7485

7491

7494

7507

7527

7528

7562

7576

7577

7578

7581

7595

7605

7613

7617

7631

7636

7651

7652

7654

7671

7672

7685

7707

7709

7720

7726

7739

7745

7759

7767

7787

7789

7793

7801

7805

7824

7840

7854

7860

7941

7944

7958

7968

7972

8034

8050

8051

8055

8059

8065

8066

8069

8070

8082

8088

8093

8101

8127

8132

8147

8152

8158

8169

8176

8178

8187

8196

8198

8217

8221

8258

8261

8263

8275

8277

8285

8295

8299

8310

8311

8328

8336

8341

8348

8363

8371

8377

8378

8394

8416

8428

8440

8443

8449

8489

8516

8526

8531

8533

8542

8551

8563

8564

8565

8566

8567

8588

8600

8614

8615

8637

8640

8657

8688

8692

8696

8709

8722

8733

8738

8743

8751

8756

8770

8775

8808

8829

8830

8835

8842

8856

8868

8882

8899

8902

8903

8906

8920

8922

8935

8942

8944

8950

8957

8958

8960

8965

8966

8975

8985

8997

8999

9004

9009

9041

9051

9079

9101

9104

9114

9127

9136

9143

9173

9182

9191

9214

9224

9225

9256

9259

9264

9267

9270

9272

9274

9296

9300

9301

9305

9310

9311

9336

9341

9347

9376

9394

9421

9447

9450

9461

9469

9470

9471

9474

9479

9480

9490

9491

9511

9537

9546

9568

9574

9595

9609

9633

9638

9649

9651

9658

9674

9684

9694

9707

9728

9729

9744

9752

9769

9791

9803

9827

9830

9837

9847

9849

9870

9871

9872

9874

9875

9885

9888

9890

9907

9914

9926

9940

9952

9954

9959

9960

9971

9999

10003

10006

10010

10012

10024

10045

10047

10064

10065

10068

10069

10075

10078

10103

10112

10130

10131

10163

10182

10201

10220

10228

10236

10238

10239

10242

10275

10280

10281

10282

10305

10310

10311

10315

10316

10317

10322

10360

10363

10365

10367

10369

10373

10379

10380

10383

10385

10388

10397

10408

10418

10421

10425

10432

10434

10449

10453

10460

10479

10480

10486

10488

10513

10519

10551

10562

10579

10582

10584

10591

10597

10603

10612

10622

10637

10639

10641

10645

10646

10647

10648

10659

10691

10697

10708

10727

10731

10736

10744

10752

10764

10765

10773

10782

10789

10846

10850

10882

10883

10925

10926

10947

10954

10975

10978

10983

11011

11020

11031

11046

11097

11115

11146

11149

11153

11167

11171

11172

11173

11189

11192

11198

11209

11231

11265

11292

11295

11312

11316

11341

11344

11345

11349

11353

11378

11381

11382

11387

11409

11425

11430

11433

11435

11438

11439

11444

11458

11463

11471

11473

11485

11487

11488

11524

11527

11554

11558

11560

11578

11587

11588

11591

11592

11598

11607

11618

11619

11647

11654

11657

11658

11665

11666

11668

11676

11695

11701

11702

11739

11744

11754

11763

11767

11768

11782

11788

11791

11794

11806

11835

11842

11875

11876

11888

11895

11934

11946

11958

11967

11973

11976

11979

11987

11999

12000

12009

12022

12028

12062

12065

12072

12076

12087

12095

12106

12118

12176

12179

12184

12201

12206

12207

12212

12229

12237

12241

12268

12275

12283

12295

12304

12306

12312

12318

12340

12364

12368

12378

12385

12390

12413

12414

12418

12425

12428

12433

12442

12447

12463

12473

12476

12487

12491

12503

12507

12509

12511

12524

12526

12560

12577

12595

12603

12608

12626

12627

12631

12660

12699

12715

12754

12761

12779

12785

12787

12792

12793

12809

12814

12835

12845

12847

12862

12884

12888

12889

12900

12922

12939

12954

12960

12965

12972

12987

13022

13051

13065

13068

13094

13121

13135

13146

13153

13164

13178

13190

13192

13200

13210

13217

13220

13227

13244

13284

13286

13327

13338

13345

13356

13362

13363

13365

13366

13382

13389

13394

13399

13423

13435

13439

13447

13486

13487

13496

13504

13507

13513

13539

13569

13574

13578

13606

13623

13630

13631

13646

13650

13656

13670

13706

13732

13742

13750

13758

13760

13765

13769

13777

13788

13794

13800

13803

13814

13818

13832

13868

13885

13888

13889

13904

13922

13926

13933

13961

13966

13967

13983

14003

14020

14037

14046

14052

14055

14063

14065

14066

14071

14087

14089

14110

14111

14117

14131

14132

14145

14161

14172

14183

14186

14189

14198

14214

14221

14225

14237

14250

14252

14267

14268

14275

14280

14303

14326

14327

14331

14343

14345

14360

14364

14368

14370

14374

14384

14401

14430

14432

14437

14443

14444

14450

14451

14455

14498

14514

14544

14566

14574

14581

14583

14589

14594

14612

14614

14626

14649

14657

14705

14715

14728

14731

14735

14748

14756

14757

14760

14775

14781

14785

14788

14789

14791

14792

14796

14805

14815

14819

14832

14841

14852

14856

14867

14896

14902

14913

14915

14918

14921

14944

14948

14956

14957

14970

15000

15001

15022

15026

15031

15058

15070

15088

15096

15099

15121

15128

15133

15142

15164

15178

15197

15199

15201

15217

15224

15227

15246

15249

15256

15273

15277

15293

15298

15324

15331

15338

15354

15362

15369

15376

15377

15385

15390

15396

15403

15420

15423

15429

15431

15438

15457

15463

15474

15490

15509

15523

15525

15527

15546

15549

15570

15587

15608

15615

15619

15633

15642

15656

15669

15674

15675

15699

15719

15726

15733

15735

15747

15755

15758

15759

15763

15766

15767

15768

15769

15773

15775

15779

15808

15817

15821

15832

15838

15850

15858

15860

15867

15871

15872

15875

15897

15898

15916

15927

15934

15939

15942

15946

15955

15962

15974

15978

15981

15987

15990

15995

16001

16014

16034

16037

16048

16051

16053

16056

16082

16092

16096

16098

16111

16129

16135

16145

16153

16158

16170

16183

16191

16193

16199

16201

16204

16240

16242

16251

16265

16270

16275

16281

16299

16310

16319

16359

16381

16393

16400

16416

16420

16433

16439

16440

16455

16483

16490

16501

16527

16537

16541

16546

16552

16560

16577

16579

16581

16582

16589

16592

16603

16606

16613

16615

16623

16634

16639

16640

16674

16677

16689

16690

16697

16698

16702

16715

16736

16741

16762

16774

16805

16821

16848

16860

16893

16894

16902

16906

16920

16935

16937

16963

16964

16986

17007

17008

17014

17015

17019

17057

17079

17081

17085

17092

17098

17108

17144

17149

17150

17167

17198

17208

17237

17241

17248

17260

17269

17279

17297

17333

17345

17351

17376

17381

17429

17434

17438

17451

17458

17467

17476

17478

17487

17494

17504

17516

17519

17523

17535

17540

17541

17552

17568

17571

17591

17595

17604

17609

17613

17623

17628

17631

17650

17662

17680

17691

17699

17710

17714

17748

17762

17772

17788

17789

17810

17812

17817

17818

17829

17863

17864

17884

17885

17894

17895

17916

17925

17939

17948

17972

17973

17991

17992

18058

18059

18065

18072

18077

18092

18095

18114

18134

18145

18148

18159

18163

18173

18178

18202

18205

18215

18243

18260

18262

18270

18278

18290

18304

18313

18333

18339

18404

18411

18420

18427

18440

18448

18449

18453

18460

18470

18486

18501

18507

18511

18512

18521

18531

18542

18557

18567

18591

18597

18612

18626

18629

18634

18651

18658

18664

18686

18689

18692

18703

18706

18707

18708

18714

18722

18732

18754

18755

18766

18776

18778

18784

18788

18805

18811

18813

18835

18840

18845

18857

18858

18869

18878

18900

18913

18923

18925

18934

18950

18951

18954

18957

18963

18967

18977

18982

18999

19008

19019

19020

19022

19028

19042

19084

19086

19087

19090

19096

19098

19105

19134

19150

19175

19190

19217

19225

19299

19310

19315

19316

19317

19318

19344

19365

19382

19396

19409

19419

19436

19449

19459

19469

19475

19500

19506

19508

19512

19516

19526

19532

19537

19546

19575

19597

19610

19615

19636

19637

19639

19654

19663

19673

19678

19687

19689

19690

19691

19694

19708

19719

19749

19751

19781

19796

19815

19833

19844

19846

19847

19867

19881

19885

19888

19894

19909

19918

19924

19927

19947

19948

19953

19967

19968

19976

19986

20003

20010

20019

20035

20052

20074

20082

20087

20095

20096

20110

20113

20114

20134

20136

20140

20150

20154

20163

20180

20193

20203

20205

20207

20210

20214

20246

20259

20260

20261

20276

20281

20283

20284

20285

20293

20313

20315

20316

20317

20331

20346

20349

20363

20366

20368

20380

20381

20448

20460

20463

20468

20486

20503

20511

20519

20521

20555

20559

20567

20568

20577

20588

20602

20647

20655

20664

20673

20690

20698

20709

20714

20718

20732

20738

20739

20755

20756

20782

20787

20792

20798

20805

20810

20860

20873

20884

20897

20916

20926

20934

20943

20945

20950

20993

20999

21001

21004

21007

21032

21047

21048

21050

21065

21068

21071

21073

21076

21081

21086

21097

21101

21103

21110

21123

21126

21130

21154

21171

21173

21182

21216

21222

21237

21240

21244

21260

21273

21278

21285

21291

21303

21314

21325

21329

21347

21349

21355

21368

21372

21381

21398

21399

21408

21445

21468

21471

21478

21502

21503

21518

21527

21539

21545

21550

21555

21571

21576

21632

21635

21636

21649

21651

21666

21667

21668

21671

21715

21724

21738

21743

21745

21750

21771

21777

21786

21801

21804

21812

21824

21837

21846

21853

21857

21860

21874

21875

21884

21909

21966

21973

21979

21994

21998

22024

22029

22031

22042

22054

22056

22078

22113

22115

22119

22120

22126

22136

22172

22173

22185

22190

22197

22202

22217

22221

22227

22234

22244

22250

22259

22269

22272

22279

22282

22285

22315

22324

22327

22329

22342

22349

22358

22362

22380

22388

22399

22402

22412

22418

22421

22430

22453

22456

22458

22479

22488

22491

22492

22493

22499

22519

22527

22532

22544

22552

22554

22559

22598

22614

22616

22648

22655

22656

22657

22664

22674

22676

22679

22695

22705

22718

22730

22739

22755

22786

22791

22828

22834

22844

22851

22854

22857

22860

22871

22875

22889

22900

22918

22919

22929

22960

22972

22983

22993

23009

23017

23025

23027

23031

23042

23050

23058

23068

23075

23089

23095

23101

23109

23122

23132

23147

23152

23153

23159

23165

23175

23185

23189

23194

23226

23234

23268

23275

23278

23281

23283

23286

23301

23314

23327

23338

23342

23357

23358

23360

23362

23365

23371

23394

23399

23419

23424

23436

23447

23469

23476

23484

23486

23488

23489

23493

23510

23513

23528

23535

23557

23563

23565

23597

23605

23612

23624

23631

23636

23639

23643

23657

23677

23684

23687

23695

23701

23728

23734

23739

23743

23762

23809

23814

23819

23820

23822

23823

23834

23837

23855

23874

23878

23898

23915

23919

23929

23963

23964

23975

23976

23985

24000

24001

24005

24016

24019

24020

24031

24042

24060

24061

24068

24073

24082

24083

24095

24098

24102

24105

24115

24118

24122

24123

24146

24147

24177

24195

24201

24218

24222

24230

24238

24249

24265

24278

24287

24292

24297

24321

24322

24327

24339

24352

24357

24386

24389

24400

24408

24411

24414

24415

24416

24418

24422

24428

24429

24438

24451

24456

24463

24474

24497

24504

24510

24528

24529

24534

24536

24544

24547

24555

24557

24559

24564

24578

24606

24607

24624

24637

24651

24657

24667

24675

24683

24684

24730

24755

24773

24790

24825

24830

24835

24840

24843

24845

24873

24883

24885

24889

24911

24922

24926

24930

24938

24949

24960

24961

24964

24968

24978

24995

24998

25000

25011

25019

25027

25052

25071

25074

25088

25091

25093

25094

25100

25101

25115

25132

25150

25152

25164

25166

25169

25171

25176

25190

25207

25214

25215

25228

25232

25240

25243

25244

25246

25256

25268

25274

25282

25295

25321

25328

25360

25375

25392

25403

25404

25413

25419

25420

25426

25457

25459

25471

25482

25496

25509

25512

25513

25526

25535

25557

25566

25571

25580

25590

25591

25601

25636

25648

25649

25666

25670

25683

25688

25698

25702

25714

25742

25749

25757

25776

25780

25799

25815

25830

25833

25857

25868

25870

25875

25912

25916

25927

25961

25990

25995

26015

26017

26035

26054

26057

26079

26111

26127

26138

26144

26147

26159

26183

26199

26222

26228

26239

26249

26256

26272

26290

26293

26298

26308

26312

26315

26319

26338

26341

26359

26364

26369

26385

26386

26387

26405

26407

26410

26419

26426

26438

26446

26456

26467

26481

26503

26504

26506

26513

26516

26522

26526

26555

26561

26571

26574

26578

26589

26591

26599

26609

26611

26615

26617

26629

26630

26632

26654

26656

26660

26661

26663

26666

26683

26709

26711

26723

26734

26735

26755

26781

26786

26797

26799

26801

26806

26817

26834

26842

26843

26845

26856

26860

26871

26874

26890

26908

26909

26910

26914

26922

26925

26929

26933

26936

26941

26951

26953

26960

26984

26985

26991

26992

27013

27018

27020

27030

27050

27060

27070

27071

27085

27090

27093

27096

27106

27121

27124

27133

27152

27154

27167

27168

27191

27195

27212

27221

27222

27232

27252

27255

27260

27265

27279

27280

27301

27323

27324

27336

27366

27381

27413

27442

27451

27461

27462

27472

27474

27491

27497

27509

27518

27536

27537

27549

27552

27569

27578

27612

27647

27682

27699

27707

27715

27751

27754

27758

27772

27775

27787

27791

27803

27804

27809

27818

27837

27863

27876

27903

27907

27932

27935

27937

27948

27957

27973

27977

27979

27981

27990

27993

27995

27998

28007

28028

28030

28037

28051

28052

28060

28063

28064

28075

28091

28105

28108

28111

28126

28127

28130

28138

28141

28152

28154

28166

28173

28192

28198

28216

28219

28228

28232

28261

28270

28292

28300

28303

28307

28309

28326

28328

28372

28379

28394

28397

28402

28405

28423

28433

28458

28461

28474

28551

28589

28591

28603

28611

28614

28623

28647

28679

28711

28712

28734

28738

28742

28745

28749

28757

28770

28781

28795

28798

28804

28817

28823

28833

28834

28838

28850

28855

28866

28875

28877

28880

28888

28898

28902

28918

28937

28954

28965

28978

28986

28987

28996

29002

29003

29009

29029

29034

29038

29040

29044

29046

29047

29072

29074

29088

29096

29098

29102

29106

29137

29156

29169

29173

29179

29195

29204

29210

29231

29233

29236

29250

29253

29259

29270

29273

29276

29279

29296

29312

29325

29336

29339

29347

29354

29359

29373

29382

29392

29393

29396

29401

29406

29411

29424

29425

29450

29452

29454

29464

29467

29481

29500

29502

29517

29519

29559

29561

29565

29570

29575

29578

29588

29614

29654

29658

29663

29670

29676

29695

29701

29714

29716

29727

29728

29737

29739

29761

29764

29766

29774

29777

29781

29787

29804

29846

29851

29857

29862

29863

29866

29883

29900

29909

29914

29928

29930

29931

29940

29943

29955

29958

29967

29974

29982

29983

30007

30015

30019

30023

30038

30040

30041

30057

30060

30062

30064

30069

30081

30083

30088

30089

30104

30128

30129

30140

30144

30156

30165

30167

30175

30180

30184

30195

30196

30204

30225

30227

30233

30235

30237

30238

30241

30246

30248

30252

30254

30275

30279

30286

30292

30302

30319

30321

30336

30348

30355

30373

30375

30380

30390

30393

30394

30404

30410

30414

30421

30425

30431

30434

30437

30444

30461

30468

30479

30489

30507

30513

30516

30528

30531

30538

30578

30586

30589

30601

30615

30617

30621

30646

30649

30653

30656

30657

30684

30703

30707

30713

30729

30737

30742

30750

30764

30771

30786

30799

30829

30832

30859

30862

30864

30871

30875

30889

30903

30904

30905

30906

30916

30917

30918

30922

30926

30927

30940

30946

30947

30956

30967

30977

30991

31004

31011

31017

31034

31035

31050

31064

31068

31080

31141

31143

31150

31184

31193

31202

31214

31220

31241

31242

31246

31248

31282

31283

31316

31324

31331

31346

31349

31350

31360

31380

31385

31389

31400

31402

31413

31416

31436

31457

31458

31468

31494

31504

31513

31522

31532

31533

31551

31565

31572

31573

31592

31594

31601

31614

31656

31661

31674

31675

31679

31697

31705

31707

31750

31753

31757

31764

31789

31797

31800

31818

31823

31825

31832

31861

31871

31876

31886

31888

31893

31905

31917

31919

31926

31958

31973

32004

32010

32012

32014

32016

32017

32024

32037

32040

32066

32074

32075

32089

32123

32131

32134

32136

32151

32152

32174

32182

32183

32195

32216

32220

32224

32228

32258

32287

32306

32307

32316

32320

32363

32364

32386

32392

32398

32456

32465

32467

32474

32477

32479

32487

32489

32496

32502

32505

32511

32524

32540

32547

32573

32574

32578

32582

32583

32587

32589

32596

32597

32598

32599

32619

32641

32648

32662

32664

32667

32671

32675

32694

32704

32706

32722

32758

32760

32770

32777

32795

32808

32821

32833

32843

32849

32851

32854

32877

32889

32891

32902

32911

32915

32931

32955

32978

33005

33014

33015

33032

33061

33092

33095

33096

33097

33107

33128

33153

33161

33162

33170

33179

33182

33189

33206

33231

33233

33258

33275

33276

33295

33318

33334

33335

33339

33362

33373

33386

33387

33394

33415

33416

33430

33458

33461

33462

33473

33475

33496

33509

33531

33536

33546

33554

33563

33571

33595

33605

33620

33628

33633

33640

33650

33652

33675

33682

33722

33725

33727

33733

33737

33743

33755

33760

33763

33766

33768

33769

33783

33791

33794

33796

33805

33810

33815

33831

33833

33856

33859

33867

33875

33888

33907

33912

33921

33925

33933

33952

33975

33979

33990

33999

34011

34016

34021

34028

34029

34037

34058

34074

34100

34105

34106

34112

34117

34124

34125

34126

34129

34133

34138

34144

34145

34149

34157

34165

34169

34170

34182

34188

34191

34192

34203

34211

34234

34236

34247

34276

34285

34313

34322

34326

34335

34363

34381

34390

34402

34419

34422

34425

34436

34448

34451

34456

34473

34479

34482

34499

34501

34506

34542

34546

34552

34558

34578

34606

34617

34626

34645

34686

34701

34706

34710

34715

34718

34723

34754

34759

34765

34769

34793

34798

34814

34817

34838

34840

34858

34872

34875

34894

34897

34899

34906

34910

34924

34936

34953

34980

34994

34996

34998

35022

35030

35041

35054

35058

35076

35078

35100

35103

35117

35118

35124

35132

35135

35148

35154

35157

35159

35166

35170

35174

35192

35203

35208

35212

35215

35216

35225

35240

35248

35251

35255

35257

35259

35265

35268

35276

35283

35287

35288

35290

35293

35294

35297

35299

35312

35317

35325

35326

35334

35337

35341

35355

35356

35362

35369

35379

35384

35392

35395

35403

35415

35436

35442

35445

35450

35464

35469

35470

35494

35500

35507

35511

35512

35517

35522

35526

35549

35551

35589

35605

35608

35620

35633

35634

35635

35636

35638

35645

35655

35680

35681

35691

35692

35697

35717

35735

35747

35756

35773

35779

35806

35807

35815

35817

35821

35828

35833

35857

35860

35885

35888

35889

35891

35912

35936

35952

35961

35966

35986

35989

35992

35996

36000

36001

36006

36021

36031

36039

36042

36052

36055

36058

36060

36076

36078

36082

36090

36097

36110

36111

36115

36116

36141

36153

36163

36178

36188

36223

36226

36239

36242

36274

36278

36285

36304

36306

36318

36327

36328

36331

36334

36342

36344

36360

36361

36364

36383

36385

36398

36403

36411

36423

36427

36428

36439

36466

36474

36476

36501

36514

36518

36531

36538

36539

36565

36568

36577

36590

36621

36626

36632

36634

36644

36647

36649

36655

36662

36680

36685

36690

36707

36711

36719

36721

36736

36738

36743

36744

36746

36756

36762

36767

36771

36773

36782

36783

36800

36810

36845

36861

36862

36867

36890

36892

36898

36923

36930

36954

36955

36971

36972

36980

36988

36989

36997

37012

37024

37033

37034

37043

37044

37052

37072

37077

37078

37080

37090

37105

37110

37117

37121

37145

37174

37175

37191

37195

37208

37219

37224

37233

37238

37242

37257

37261

37262

37295

37301

37307

37318

37325

37347

37355

37370

37376

37394

37400

37430

37435

37438

37466

37517

37521

37525

37534

37536

37537

37560

37563

37580

37584

37588

37610

37611

37628

37630

37644

37658

37674

37676

37690

37693

37703

37721

37722

37723

37730

37732

37738

37739

37761

37783

37788

37792

37806

37809

37817

37820

37823

37825

37832

37866

37872

37873

37876

37879

37887

37897

37905

37911

37913

37923

37945

37982

37984

37992

37998

38002

38017

38019

38036

38040

38047

38051

38057

38068

38087

38092

38095

38118

38129

38138

38145

38157

38160

38161

38168

38170

38178

38189

38195

38205

38216

38222

38225

38228

38236

38237

38241

38254

38261

38284

38287

38290

38305

38321

38337

38349

38354

38368

38371

38373

38374

38379

38383

38387

38395

38409

38411

38421

38441

38464

38485

38492

38518

38528

38533

38537

38574

38601

38605

38612

38618

38654

38675

38696

38697

38702

38705

38716

38727

38729

38741

38751

38766

38771

38788

38794

38800

38840

38847

38849

38860

38867

38868

38879

38881

38889

38898

38899

38900

38911

38918

38919

38928

38942

38963

38974

38990

39010

39011

39016

39028

39030

39033

39034

39065

39071

39072

39074

39082

39130

39135

39143

39147

39150

39155

39159

39173

39176

39186

39193

39195

39207

39216

39251

39255

39268

39279

39294

39296

39303

39350

39357

39360

39402

39418

39477

39478

39508

39526

39528

39532

39537

39541

39550

39561

39563

39566

39573

39580

39586

39589

39598

39602

39612

39621

39624

39625

39637

39647

39657

39678

39707

39723

39737

39746

39759

39764

39777

39782

39785

39799

39807

39850

39852

39887

39893

39894

39901

39908

39917

39936

39957

39963

39964

39965

39968

39973

39994

40003

40005

40008

40009

40014

40015

40027

40036

40042

40075

40081

40089

40090

40093

40096

40102

40108

40110

40116

40123

40124

40133

40170

40175

40176

40195

40200

40252

40267

40276

40277

40282

40288

40289

40292

40295

40303

40307

40317

40322

40325

40334

40338

40373

40393

40395

40408

40415

40427

40428

40435

40436

40442

40443

40446

40458

40502

40509

40512

40521

40541

40551

40605

40613

40617

40626

40633

40637

40639

40642

40643

40646

40649

40655

40663

40665

40670

40687

40700

40718

40737

40750

40755

40759

40769

40770

40779

40780

40796

40803

40826

40843

40844

40847

40852

40858

40861

40887

40890

40898

40916

40927

40933

40942

40963

40966

40968

40970

40971

40982

40987

40993

41003

41007

41019

41027

41034

41049

41050

41054

41059

41063

41076

41093

41111

41122

41125

41126

41140

41143

41189

41202

41205

41209

41219

41226

41229

41242

41274

41283

41285

41295

41307

41319

41322

41346

41363

41366

41381

41391

41409

41425

41432

41435

41445

41451

41469

41482

41484

41485

41489

41498

41499

41504

41511

41518

41526

41538

41569

41573

41576

41579

41584

41589

41599

41609

41619

41621

41629

41635

41676

41680

41684

41689

41714

41721

41762

41764

41785

41795

41803

41844

41866

41868

41879

41891

41897

41901

41903

41914

41915

41918

41951

41955

41959

41974

42008

42010

42046

42055

42082

42091

42100

42107

42111

42118

42127

42129

42130

42136

42138

42167

42179

42211

42212

42250

42258

42267

42278

42279

42288

42294

42300

42304

42325

42334

42335

42345

42349

42358

42373

42377

42380

42418

42429

42436

42444

42448

42451

42457

42463

42468

42475

42482

42489

42490

42518

42527

42546

42547

42564

42573

42580

42582

42585

42586

42606

42609

42617

42618

42632

42652

42686

42690

42703

42708

42710

42718

42722

42723

42725

42734

42758

42763

42767

42774

42779

42788

42796

42805

42811

42812

42818

42822

42828

42843

42864

42882

42885

42913

42922

42929

42930

42948

42949

42953

42956

42981

42982

42988

42996

43008

43011

43033

43034

43043

43045

43049

43050

43055

43059

43092

43098

43100

43117

43142

43150

43169

43170

43179

43195

43209

43213

43215

43230

43238

43242

43257

43263

43271

43274

43285

43288

43301

43303

43307

43316

43320

43321

43343

43344

43360

43362

43365

43395

43406

43407

43412

43413

43418

43424

43436

43440

43444

43445

43455

43456

43457

43482

43497

43500

43516

43522

43531

43553

43584

43592

43605

43618

43620

43640

43667

43681

43683

43687

43696

43698

43717

43719

43723

43725

43731

43734

43737

43741

43759

43767

43772

43774

43789

43792

43830

43831

43843

43844

43845

43848

43852

43855

43861

43882

43884

43885

43891

43893

43896

43898

43936

43941

43945

43947

43957

43960

43966

43973

43978

43980

43988

43997

44020

44041

44042

44084

44086

44099

44110

44117

44129

44130

44147

44150

44158

44165

44168

44171

44177

44193

44201

44215

44233

44238

44246

44247

44263

44274

44294

44299

44301

44309

44312

44313

44316

44337

44338

44352

44358

44359

44362

44369

44378

44382

44385

44387

44395

44426

44445

44448

44481

44505

44508

44524

44537

44551

44571

44573

44575

44576

44586

44594

44596

44610

44616

44619

44644

44666

44675

44689

44694

44696

44702

44707

44712

44716

44743

44745

44769

44779

44786

44793

44794

44833

44835

44837

44838

44840

44852

44873

44924

44931

44935

44938

44939

44943

44944

44969

44987

45012

45013

45038

45042

45051

45066

45093

45097

45127

45130

45138

45142

45155

45174

45193

45194

45199

45205

45218

45230

45246

45276

45279

45281

45313

45314

45318

45332

45335

45344

45350

45356

45368

45379

45386

45405

45407

45413

45435

45440

45451

45454

45455

45457

45473

45484

45485

45492

45500

45502

45532

45541

45556

45565

45577

45578

45594

45595

45612

45613

45635

45639

45673

45690

45692

45712

45714

45723

45738

45740

45742

45743

45749

45759

45761

45773

45775

45778

45789

45795

45813

45814

45826

45838

45854

45858

45864

45869

45887

45894

45923

45926

45931

45932

45945

46000

46008

46016

46019

46021

46037

46047

46056

46060

46070

46079

46084

46091

46093

46098

46115

46117

46144

46145

46155

46162

46163

46164

46168

46173

46182

46200

46213

46224

46230

46231

46234

46255

46259

46267

46271

46272

46275

46276

46278

46285

46292

46294

46378

46404

46419

46424

46426

46442

46454

46487

46492

46524

46527

46531

46532

46543

46550

46554

46557

46570

46581

46589

46599

46601

46607

46609

46612

46623

46630

46640

46650

46676

46681

46682

46722

46726

46738

46742

46745

46746

46751

46765

46771

46774

46789

46811

46834

46841

46845

46859

46877

46900

46905

46906

46916

46934

46960

46964

46965

46966

46967

46982

46988

46990

46991

46999

47004

47008

47024

47049

47063

47064

47081

47085

47110

47115

47118

47119

47127

47128

47135

47144

47155

47194

47200

47208

47209

47252

47257

47267

47268

47273

47301

47305

47313

47317

47320

47324

47326

47330

47332

47338

47343

47348

47357

47361

47376

47389

47398

47404

47422

47451

47482

47491

47497

47500

47507

47509

47523

47527

47531

47535

47573

47592

47604

47609

47611

47619

47627

47634

47639

47643

47658

47664

47685

47696

47700

47703

47708

47712

47718

47731

47737

47743

47745

47747

47752

47756

47762

47763

47779

47791

47801

47806

47813

47827

47835

47840

47847

47868

47871

47884

47918

47921

47950

47958

47963

47971

48001

48003

48010

48016

48032

48057

48066

48067

48073

48088

48093

48098

48100

48125

48172

48179

48185

48205

48207

48216

48220

48225

48234

48242

48262

48269

48274

48281

48290

48297

48305

48309

48310

48323

48334

48335

48338

48342

48346

48352

48359

48360

48393

48396

48466

48476

48478

48480

48491

48492

48496

48507

48510

48519

48522

48535

48538

48544

48547

48578

48593

48604

48611

48625

48636

48665

48677

48703

48714

48748

48750

48757

48784

48787

48789

48793

48808

48824

48835

48847

48853

48855

48866

48890

48925

48936

48943

48948

48950

48955

48957

48962

48991

49001

49003

49008

49011

49038

49039

49040

49060

49064

49065

49093

49095

49114

49115

49138

49139

49154

49171

49176

49188

49189

49195

49198

49207

49216

49241

49253

49260

49265

49285

49296

49305

49308

49319

49328

49330

49336

49342

49353

49355

49360

49361

49369

49377

49380

49393

49418

49425

49453

49476

49493

49504

49506

49509

49527

49534

49540

49564

49577

49599

49607

49608

49609

49610

49625

49651

49655

49689

49701

49711

49713

49716

49727

49744

49762

49812

49816

49817

49826

49840

49866

49867

49870

49871

49876

49877

49888

49903

49904

49911

49913

49923

49928

49932

49934

49939

49958

50000

50013

50018

50021

50029

50037

50044

50061

50071

50072

50077

50085

50093

50102

50105

50110

50113

50119

50137

50138

50143

50174

50187

50196

50198

50209

50212

50215

50220

50222

50225

50228

50254

50366

50367

50389

50413

50417

50425

50434

50465

50487

50496

50497

50505

50514

50544

50561

50609

50622

50630

50635

50636

50639

50642

50658

50660

50665

50667

50679

50693

50717

50725

50729

50733

50742

50748

50753

50767

50776

50808

50817

50828

50830

50841

50842

50848

50861

50865

50884

50896

50911

50953

51006

51009

51020

51026

51042

51067

51068

51070

51071

51073

51100

51104

51105

51110

51114

51139

51159

51172

51173

51187

51207

51212

51220

51229

51231

51232

51233

51244

51254

51255

51257

51275

51308

51328

51330

51351

51357

51378

51386

51399

51405

51418

51426

51439

51441

51460

51473

51475

51530

51535

51541

51566

51583

51599

51600

51601

51627

51630

51639

51643

51646

51666

51671

51683

51698

51699

51704

51705

51713

51717

51749

51751

51777

51779

51783

51787

51790

51793

51797

51818

51823

51832

51838

51855

51866

51881

51883

51901

51915

51924

51948

51966

51980

51984

51995

52001

52011

52018

52022

52025

52039

52044

52045

52047

52063

52073

52074

52077

52094

52109

52118

52182

52200

52206

52208

52217

52223

52244

52249

52255

52260

52271

52273

52285

52294

52297

52299

52304

52321

52322

52338

52339

52343

52351

52357

52359

52365

52371

52382

52383

52409

52417

52454

52470

52472

52474

52479

52488

52490

52519

52540

52547

52553

52569

52577

52583

52591

52642

52651

52670

52707

52721

52726

52727

52763

52768

52770

52783

52822

52826

52833

52840

52841

52843

52846

52859

52867

52869

52873

52874

52876

52881

52901

52903

52907

52919

52927

52949

52955

52957

52970

52971

52974

52984

52996

53005

53008

53010

53016

53022

53032

53035

53036

53039

53058

53059

53065

53067

53072

53076

53091

53108

53125

53146

53150

53158

53165

53167

53170

53177

53207

53211

53217

53225

53229

53232

53233

53238

53249

53258

53275

53282

53305

53317

53320

53334

53338

53343

53355

53382

53412

53435

53448

53453

53454

53458

53465

53466

53467

53473

53474

53488

53489

53493

53505

53507

53508

53512

53518

53521

53534

53543

53554

53559

53562

53563

53576

53583

53590

53600

53609

53616

53620

53625

53640

53652

53667

53668

53671

53684

53687

53703

53712

53720

53724

53726

53729

53747

53749

53761

53764

53829

53830

53832

53838

53840

53856

53869

53896

53900

53902

53904

53915

53920

53926

53929

53934

53957

53959

54021

54032

54034

54041

54056

54057

54061

54076

54079

54093

54124

54127

54142

54148

54149

54163

54167

54170

54174

54178

54195

54206

54213

54216

54223

54227

54241

54246

54257

54265

54266

54276

54299

54305

54338

54361

54384

54385

54388

54399

54403

54407

54442

54455

54465

54472

54479

54489

54491

54499

54523

54526

54527

54528

54535

54538

54561

54575

54616

54618

54624

54629

54639

54643

54648

54650

54654

54659

54667

54692

54693

54698

54724

54729

54730

54736

54739

54749

54754

54758

54812

54814

54820

54824

54825

54832

54848

54853

54862

54869

54895

54920

54933

54934

54946

54951

54962

54968

54976

55000

55037

55063

55064

55071

55089

55112

55121

55122

55124

55129

55136

55142

55150

55154

55160

55161

55169

55171

55194

55207

55208

55209

55227

55235

55241

55247

55253

55259

55260

55274

55290

55317

55323

55337

55339

55349

55360

55372

55374

55383

55406

55409

55417

55424

55437

55439

55442

55454

55467

55468

55490

55496

55505

55514

55517

55522

55592

55606

55608

55644

55652

55654

55673

55688

55703

55711

55713

55720

55755

55780

55793

55810

55811

55818

55825

55844

55851

55856

55887

55888

55890

55898

55907

55923

55925

55939

55946

55958

55960

55973

55978

56015

56021

56045

56046

56080

56091

56092

56122

56124

56144

56145

56148

56153

56157

56158

56184

56219

56223

56224

56234

56235

56255

56265

56266

56277

56278

56279

56280

56283

56317

56331

56338

56349

56360

56362

56364

56389

56396

56397

56420

56425

56435

56438

56442

56448

56449

56450

56473

56478

56504

56520

56525

56536

56537

56548

56557

56559

56568

56602

56620

56622

56633

56643

56645

56646

56647

56657

56673

56692

56711

56713

56722

56723

56731

56740

56755

56787

56791

56793

56796

56815

56818

56823

56831

56844

56852

56854

56859

56870

56873

56904

56921

56933

56940

56945

56946

56949

56956

56957

56971

56984

56995

57017

57034

57040

57052

57063

57067

57083

57094

57106

57117

57128

57131

57132

57138

57142

57161

57182

57205

57219

57239

57240

57245

57247

57251

57261

57289

57313

57343

57345

57347

57355

57373

57377

57390

57408

57410

57424

57439

57440

57454

57460

57464

57470

57477

57481

57534

57550

57554

57555

57556

57571

57573

57574

57577

57580

57584

57606

57615

57616

57634

57664

57667

57689

57693

57697

57700

57701

57721

57743

57747

57750

57755

57761

57771

57781

57789

57792

57793

57802

57809

57815

57834

57838

57840

57841

57863

57869

57883

57886

57887

57893

57910

57914

57918

57925

57943

57952

57964

57992

58002

58017

58020

58044

58048

58050

58064

58076

58085

58086

58109

58131

58137

58142

58144

58149

58150

58163

58174

58188

58203

58208

58209

58219

58222

58223

58233

58241

58248

58260

58272

58276

58294

58296

58298

58304

58307

58308

58312

58317

58318

58321

58325

58329

58334

58343

58360

58393

58418

58419

58428

58439

58455

58462

58464

58480

58483

58509

58510

58542

58549

58551

58558

58560

58562

58571

58577

58583

58598

58602

58611

58617

58621

58635

58640

58647

58671

58706

58713

58714

58719

58723

58731

58732

58733

58743

58764

58774

58798

58799

58813

58827

58842

58856

58862

58863

58865

58870

58873

58895

58896

58897

58915

58931

58938

58940

58957

58990

59020

59036

59050

59068

59071

59074

59078

59098

59101

59106

59108

59117

59132

59145

59153

59178

59186

59199

59212

59222

59225

59262

59299

59334

59357

59358

59366

59367

59369

59391

59402

59407

59417

59430

59433

59447

59472

59477

59492

59496

59499

59506

59507

59509

59521

59523

59524

59531

59547

59548

59571

59593

59594

59607

59631

59645

59653

59671

59672

59690

59692

59697

59698

59707

59709

59711

59716

59719

59720

59723

59731

59737

59754

59766

59772

59841

59851

59864

59871

59888

59889

59891

59892

59893

59921

59925

59936

59953

59959

59976

59978

59999

60007

60008

60018

60030

60038

60058

60065

60068

60069

60071

60075

60077

60080

60097

60099

60152

60155

60156

60167

60171

60181

60183

60184

60189

60195

60197

60198

60207

60241

60249

60252

60256

60257

60263

60268

60274

60278

60280

60305

60321

60337

60349

60374

60387

60389

60403

60411

60439

60447

60448

60472

60476

60512

60524

60537

60541

60567

60578

60579

60586

60610

60629

60635

60636

60637

60644

60645

60672

60675

60691

60697

60704

60718

60741

60746

60748

60773

60783

60792

60819

60822

60843

60856

60868

60909

60921

60928

60933

60937

60941

60978

60983

60998

61015

61017

61041

61042

61046

61059

61073

61074

61085

61088

61116

61151

61153

61198

61202

61218

61248

61253

61263

61265

61292

61336

61339

61340

61348

61351

61359

61367

61368

61375

61388

61406

61410

61417

61452

61455

61469

61472

61476

61491

61502

61506

61516

61526

61529

61536

61560

61570

61575

61577

61583

61587

61601

61604

61605

61607

61618

61626

61640

61664

61682

61737

61740

61754

61760

61761

61777

61790

61791

61804

61810

61815

61816

61820

61830

61834

61851

61860

61874

61876

61879

61903

61904

61907

61913

61917

61928

61934

61962

61969

61974

61993

61995

62007

62012

62022

62024

62051

62057

62071

62073

62074

62076

62086

62088

62103

62126

62132

62148

62150

62161

62170

62186

62204

62206

62207

62212

62228

62229

62236

62246

62258

62269

62290

62301

62321

62323

62327

62362

62366

62387

62392

62394

62404

62414

62434

62448

62457

62495

62496

62504

62512

62524

62525

62536

62543

62553

62568

62575

62582

62586

62587

62589

62615

62620

62649

62661

62667

62668

62669

62672

62674

62677

62682

62686

62687

62692

62699

62703

62705

62711

62740

62755

62778

62783

62785

62788

62812

62813

62815

62833

62838

62844

62845

62861

62882

62893

62907

62908

62919

62923

62933

62940

62948

62963

62975

62979

63006

63019

63061

63067

63076

63082

63132

63155

63160

63161

63179

63198

63203

63204

63213

63217

63229

63246

63252

63265

63282

63287

63300

63310

63327

63344

63345

63366

63367

63369

63372

63436

63469

63474

63484

63520

63523

63532

63543

63546

63556

63579

63588

63598

63599

63601

63612

63627

63632

63636

63643

63695

63712

63713

63726

63731

63745

63748

63754

63764

63767

63813

63815

63816

63821

63847

63850

63851

63868

63872

63875

63878

63889

63890

63894

63904

63906

63910

63918

63919

63983

63986

63990

63991

63992

63998

63999

64002

64007

64010

64012

64088

64089

64092

64095

64098

64105

64106

64120

64123

64131

64148

64152

64167

64170

64184

64200

64206

64212

64213

64215

64233

64242

64246

64256

64267

64271

64272

64273

64275

64276

64288

64289

64296

64298

64330

64334

64335

64338

64395

64399

64402

64404

64422

64429

64437

64453

64460

64480

64482

64485

64490

64503

64525

64535

64540

64545

64557

64559

64571

64575

64586

64633

64640

64660

64665

64684

64689

64692

64697

64709

64716

64725

64745

64762

64775

64779

64780

64782

64783

64788

64790

64797

64802

64804

64812

64816

64823

64833

64843

64856

64865

64866

64871

64875

64891

64892

64894

64904

64917

64936

64939

64964

64973

64994

65004

65008

65010

65019

65025

65038

65040

65045

65051

65058

65059

65076

65143

65145

65150

65151

65155

65168

65181

65185

65193

65230

65244

65253

65267

65271

65283

65309

65325

65326

65334

65348

65372

65373

65376

65384

65396

65401

65413

65417

65428

65448

65461

65471

65481

65492

65538

65555

65568

65575

65609

65619

65623

65625

65627

65630

65632

65658

65666

65675

65693

65704

65729

65732

65772

65780

65789

65790

65793

65811

65817

65820

65828

65857

65866

65875

65879

65906

65911

65922

65930

65970

65976

65985

65996

65999

66002

66019

66022

66027

66050

66051

66058

66074

66087

66097

66098

66112

66122

66133

66136

66139

66145

66146

66150

66163

66167

66183

66188

66191

66197

66204

66223

66228

66239

66240

66241

66242

66271

66288

66312

66320

66335

66368

66392

66393

66395

66397

66402

66404

66410

66416

66429

66432

66442

66451

66452

66500

66511

66514

66523

66551

66565

66567

66576

66587

66601

66602

66609

66610

66614

66629

66631

66652

66658

66696

66697

66704

66714

66720

66733

66763

66781

66783

66796

66797

66798

66803

66804

66821

66822

66839

66843

66857

66868

66871

66879

66897

66898

66902

66930

66932

66938

66954

66956

66961

66966

66970

66981

66998

67001

67003

67005

67017

67020

67022

67046

67049

67055

67061

67063

67071

67075

67080

67081

67085

67102

67111

67153

67154

67170

67172

67198

67224

67231

67232

67246

67255

67266

67273

67278

67298

67325

67335

67345

67351

67353

67354

67368

67372

67373

67379

67384

67393

67402

67405

67418

67430

67436

67437

67448

67450

67454

67462

67471

67477

67483

67486

67496

67513

67530

67535

67549

67553

67566

67586

67590

67592

67594

67609

67611

67618

67623

67627

67628

67629

67646

67672

67673

67685

67691

67694

67704

67707

67708

67731

67749

67773

67781

67802

67820

67825

67826

67848

67887

67912

67914

67920

67932

67939

67943

67960

67970

67973

67979

67985

67988

67990

67991

67998

68002

68013

68042

68049

68052

68083

68085

68091

68111

68113

68128

68130

68138

68145

68147

68153

68159

68160

68174

68175

68190

68204

68211

68231

68250

68309

68314

68334

68338

68354

68375

68387

68441

68447

68451

68458

68460

68474

68496

68501

68509

68511

68515

68540

68541

68542

68551

68559

68573

68574

68580

68592

68647

68654

68659

68670

68671

68705

68714

68717

68721

68726

68742

68746

68763

68770

68773

68776

68787

68801

68837

68851

68857

68873

68884

68891

68902

68903

68914

68935

68939

68945

68949

68956

68982

68989

68995

68998

69004

69012

69021

69022

69026

69028

69030

69045

69047

69050

69053

69060

69068

69069

69072

69076

69107

69118

69132

69135

69151

69160

69165

69166

69231

69236

69246

69247

69260

69263

69268

69280

69287

69291

69292

69306

69318

69320

69326

69328

69331

69337

69348

69358

69369

69404

69408

69411

69428

69460

69468

69471

69494

69503

69513

69523

69536

69543

69552

69569

69577

69589

69599

69601

69604

69618

69671

69673

69684

69711

69723

69731

69737

69740

69743

69744

69745

69749

69752

69758

69761

69773

69774

69776

69790

69796

69811

69820

69854

69857

69883

69895

69896

69910

69914

69915

69921

69954

69957

69976

70013

70016

70018

70031

70044

70047

70051

70073

70077

70088

70089

70099

70109

70121

70135

70141

70149

70180

70182

70201

70223

70231

70234

70266

70267

70277

70291

70308

70309

70324

70333

70335

70342

70343

70353

70370

70374

70376

70382

70386

70387

70421

70428

70441

70452

70461

70476

70489

70490

70497

70498

70503

70523

70524

70549

70551

70577

70582

70589

70596

70619

70622

70629

70632

70633

70635

70641

70650

70654

70655

70658

70665

70667

70676

70680

70681

70697

70713

70726

70730

70736

70741

70747

70750

70755

70762

70768

70772

70789

70794

70797

70799

70815

70836

70846

70850

70857

70859

70860

70880

70883

70893

70904

70905

70921

70931

70939

70940

70941

70948

70952

70958

70966

70977

70997

71016

71019

71020

71035

71036

71040

71066

71067

71087

71104

71108

71112

71121

71125

71136

71137

71140

71142

71186

71193

71208

71218

71226

71240

71261

71262

71266

71305

71318

71322

71325

71347

71352

71382

71389

71390

71416

71418

71425

71426

71435

71439

71440

71445

71463

71468

71469

71472

71476

71479

71493

71510

71534

71551

71563

71571

71573

71586

71593

71606

71612

71627

71661

71662

71672

71673

71674

71676

71679

71680

71706

71708

71719

71729

71732

71739

71741

71743

71746

71775

71795

71801

71819

71824

71833

71847

71866

71867

71875

71881

71884

71887

71907

71909

71917

71918

71930

71946

71947

71961

71971

71972

71992

71994

71996

72004

72017

72020

72023

72026

72029

72034

72052

72081

72099

72100

72107

72121

72122

72125

72134

72145

72154

72156

72188

72204

72216

72219

72230

72234

72238

72243

72247

72258

72265

72269

72273

72274

72278

72279

72307

72333

72345

72347

72349

72352

72369

72387

72396

72397

72458

72475

72484

72494

72519

72541

72547

72551

72585

72588

72614

72620

72635

72653

72681

72683

72694

72697

72698

72702

72709

72731

72734

72745

72764

72768

72771

72775

72780

72790

72795

72796

72815

72825

72854

72856

72871

72886

72890

72898

72902

72903

72914

72918

72928

72932

72936

72945

72946

72951

72983

72990

72994

72998

73002

73012

73014

73018

73022

73027

73035

73058

73065

73069

73089

73105

73118

73120

73130

73134

73137

73141

73144

73163

73197

73200

73206

73218

73230

73268

73299

73305

73322

73334

73346

73352

73363

73365

73367

73374

73381

73382

73397

73426

73431

73443

73447

73469

73498

73506

73513

73525

73531

73549

73556

73563

73577

73589

73590

73618

73619

73641

73660

73668

73669

73677

73685

73692

73693

73702

73713

73715

73717

73724

73726

73730

73735

73738

73741

73750

73760

73761

73770

73795

73799

73812

73813

73823

73826

73839

73841

73850

73854

73867

73880

73883

73888

73897

73898

73906

73911

73946

73950

73975

73993

73999

74018

74024

74030

74041

74048

74053

74055

74056

74102

74113

74122

74139

74141

74144

74185

74186

74199

74200

74223

74225

74229

74231

74238

74243

74245

74252

74275

74276

74289

74315

74323

74328

74330

74334

74355

74361

74363

74369

74375

74388

74390

74392

74395

74412

74413

74446

74459

74478

74502

74528

74530

74539

74548

74581

74582

74588

74593

74594

74601

74603

74634

74642

74648

74663

74692

74702

74716

74736

74746

74752

74753

74757

74759

74764

74767

74799

74809

74810

74815

74816

74818

74837

74842

74847

74858

74874

74885

74891

74893

74896

74911

74913

74917

74941

74968

74978

74983

75013

75017

75029

75030

75042

75057

75059

75066

75070

75111

75126

75127

75133

75135

75148

75149

75161

75164

75167

75180

75183

75208

75218

75242

75254

75268

75270

75271

75283

75290

75304

75318

75332

75334

75351

75359

75364

75372

75374

75391

75393

75395

75409

75413

75418

75422

75440

75442

75448

75450

75453

75476

75480

75485

75500

75513

75518

75535

75541

75583

75587

75594

75596

75603

75628

75639

75648

75651

75655

75657

75667

75672

75685

75688

75689

75694

75700

75722

75738

75746

75749

75750

75751

75765

75785

75798

75803

75826

75839

75841

75855

75856

75883

75896

75904

75922

75925

75943

75945

75947

75965

75981

75994

75995

75998

76010

76029

76038

76044

76057

76059

76077

76078

76083

76091

76104

76115

76116

76122

76128

76137

76140

76146

76149

76179

76192

76206

76215

76238

76241

76251

76265

76270

76282

76289

76306

76317

76347

76368

76369

76375

76379

76397

76400

76404

76409

76421

76423

76441

76464

76488

76493

76498

76514

76519

76525

76527

76528

76529

76532

76537

76541

76546

76573

76583

76586

76591

76593

76603

76611

76623

76637

76652

76657

76672

76677

76703

76743

76747

76750

76757

76758

76766

76767

76779

76788

76792

76804

76810

76814

76830

76832

76837

76838

76854

76856

76884

76891

76902

76906

76909

76913

76916

76918

76924

76929

76930

76951

76957

76974

76981

76982

77001

77004

77031

77064

77071

77082

77090

77099

77104

77105

77107

77119

77142

77151

77183

77206

77224

77247

77251

77258

77271

77278

77280

77284

77285

77308

77318

77325

77349

77369

77376

77384

77385

77388

77390

77391

77400

77423

77428

77430

77436

77459

77466

77476

77487

77493

77494

77496

77500

77503

77514

77518

77519

77533

77539

77572

77590

77593

77609

77612

77613

77624

77640

77642

77654

77664

77667

77668

77721

77739

77742

77766

77786

77792

77825

77830

77833

77845

77850

77851

77854

77865

77867

77871

77887

77890

77917

77923

77933

77952

77957

77961

77971

77973

77986

77989

77998

78041

78046

78064

78081

78085

78090

78099

78141

78166

78173

78175

78192

78208

78222

78227

78231

78244

78252

78254

78277

78293

78307

78328

78330

78338

78355

78356

78359

78365

78372

78382

78383

78386

78393

78413

78416

78424

78439

78456

78477

78482

78502

78525

78533

78559

78568

78576

78577

78587

78593

78605

78618

78624

78636

78667

78678

78683

78688

78692

78708

78715

78721

78722

78724

78732

78740

78741

78746

78757

78761

78765

78771

78774

78778

78779

78823

78835

78838

78858

78864

78875

78880

78891

78896

78911

78912

78914

78916

78931

78964

78969

78972

78975

78980

78985

78986

78990

78996

79017

79033

79038

79040

79050

79052

79055

79058

79059

79064

79065

79068

79078

79090

79102

79107

79151

79178

79198

79210

79221

79232

79234

79248

79253

79258

79259

79264

79277

79278

79290

79304

79315

79329

79343

79362

79365

79371

79373

79379

79389

79398

79399

79424

79427

79472

79475

79495

79499

79518

79522

79528

79551

79560

79563

79569

79570

79573

79578

79581

79582

79592

79594

79601

79602

79624

79636

79653

79660

79661

79669

79720

79733

79737

79742

79746

79754

79756

79764

79777

79784

79787

79800

79815

79830

79832

79834

79836

79837

79843

79845

79848

79860

79872

79873

79876

79887

79891

79908

79921

79923

79941

79949

79952

79975

79982

80007

80009

80022

80026

80028

80035

80036

80055

80073

80078

80083

80084

80104

80114

80116

80118

80152

80164

80171

80175

80180

80185

80187

80188

80198

80206

80211

80214

80219

80229

80238

80246

80252

80272

80304

80309

80311

80316

80323

80331

80339

80349

80352

80359

80381

80387

80393

80401

80410

80413

80431

80432

80434

80440

80450

80451

80477

80482

80509

80526

80528

80542

80569

80576

80584

80589

80590

80598

80599

80604

80619

80639

80640

80653

80654

80655

80667

80674

80678

80684

80687

80690

80696

80699

80709

80717

80721

80730

80738

80741

80750

80758

80769

80779

80785

80788

80795

80816

80822

80860

80878

80881

80911

80928

80943

80953

81005

81019

81034

81067

81074

81078

81087

81120

81131

81156

81158

81168

81171

81188

81189

81230

81234

81249

81256

81262

81265

81271

81285

81293

81295

81309

81328

81331

81332

81351

81359

81360

81362

81367

81380

81384

81391

81402

81409

81411

81412

81421

81439

81447

81460

81461

81474

81477

81481

81507

81523

81525

81539

81561

81563

81568

81574

81582

81586

81598

81601

81614

81616

81642

81645

81648

81652

81669

81672

81674

81685

81708

81710

81711

81726

81727

81734

81737

81738

81771

81794

81796

81797

81819

81830

81836

81838

81842

81844

81857

81870

81879

81889

81892

81894

81897

81926

81932

81952

81960

81968

81993

81994

81995

82015

82036

82053

82055

82085

82125

82126

82127

82133

82148

82170

82175

82193

82218

82248

82278

82286

82287

82292

82296

82298

82314

82338

82371

82387

82395

82408

82424

82437

82438

82447

82453

82504

82517

82531

82557

82560

82582

82584

82596

82615

82627

82646

82651

82658

82674

82679

82688

82689

82706

82707

82709

82718

82734

82778

82791

82792

82813

82816

82846

82853

82860

82889

82894

82899

82905

82940

82959

82960

82963

82964

82968

82977

82983

82988

82998

83005

83009

83025

83065

83073

83074

83085

83091

83095

83110

83139

83140

83141

83148

83154

83160

83166

83172

83175

83178

83179

83180

83181

83197

83212

83215

83225

83229

83235

83236

83244

83255

83272

83294

83305

83323

83325

83337

83353

83356

83359

83366

83390

83400

83415

83418

83436

83438

83444

83460

83469

83471

83479

83493

83504

83513

83536

83546

83548

83552

83560

83566

83576

83583

83596

83599

83603

83614

83618

83624

83637

83642

83648

83649

83655

83667

83670

83679

83696

83718

83720

83732

83734

83750

83751

83761

83788

83793

83801

83802

83811

83814

83815

83816

83818

83824

83830

83844

83858

83861

83869

83871

83883

83900

83951

83977

83978

83992

83999

84016

84018

84039

84045

84055

84064

84066

84077

84089

84103

84114

84118

84122

84128

84132

84137

84143

84152

84157

84168

84223

84226

84232

84259

84268

84275

84284

84285

84299

84312

84317

84325

84330

84354

84376

84379

84420

84436

84437

84442

84458

84467

84470

84474

84492

84496

84498

84528

84535

84539

84543

84554

84555

84566

84569

84576

84612

84636

84645

84652

84658

84661

84666

84668

84672

84676

84681

84683

84692

84700

84701

84702

84715

84716

84743

84750

84755

84766

84781

84785

84794

84795

84811

84814

84827

84856

84860

84883

84888

84904

84907

84912

84915

84922

84941

84954

84957

84959

84960

84964

84992

85008

85017

85036

85045

85050

85061

85074

85090

85104

85108

85125

85126

85133

85154

85161

85167

85175

85180

85182

85201

85217

85241

85257

85270

85273

85280

85288

85301

85328

85343

85350

85357

85361

85371

85373

85375

85382

85399

85415

85440

85470

85487

85491

85498

85509

85515

85543

85549

85554

85571

85605

85620

85622

85633

85634

85660

85666

85668

85677

85686

85690

85694

85701

85716

85726

85736

85750

85761

85773

85781

85788

85803

85804

85835

85836

85839

85842

85848

85849

85861

85869

85874

85875

85882

85885

85889

85921

85927

85929

85957

85975

85985

85999

86002

86003

86026

86042

86057

86080

86090

86096

86111

86123

86141

86142

86144

86152

86159

86164

86166

86168

86169

86183

86200

86207

86227

86242

86245

86252

86261

86262

86268

86270

86271

86274

86299

86324

86339

86341

86347

86362

86364

86375

86378

86380

86384

86392

86398

86404

86413

86429

86452

86455

86471

86490

86493

86504

86520

86524

86535

86540

86543

86558

86577

86626

86637

86652

86662

86667

86678

86681

86692

86714

86735

86739

86748

86752

86781

86783

86786

86814

86816

86818

86823

86835

86839

86840

86845

86846

86849

86897

86905

86911

86919

86920

86944

86946

86947

86979

86983

86985

86993

86995

86999

87002

87006

87007

87037

87046

87060

87074

87077

87086

87101

87125

87127

87129

87132

87145

87159

87162

87167

87174

87179

87198

87231

87239

87240

87253

87258

87265

87270

87272

87294

87310

87312

87345

87350

87375

87383

87388

87392

87409

87410

87425

87434

87443

87460

87461

87464

87465

87469

87487

87488

87516

87522

87527

87542

87547

87555

87556

87559

87563

87564

87569

87580

87596

87597

87603

87609

87612

87632

87648

87658

87661

87666

87699

87715

87732

87735

87761

87762

87775

87777

87788

87800

87809

87810

87844

87863

87874

87890

87892

87899

87921

87931

87944

87963

87969

87989

88003

88009

88015

88021

88037

88042

88049

88052

88056

88065

88090

88093

88110

88126

88137

88152

88156

88160

88161

88165

88177

88180

88185

88192

88196

88209

88217

88222

88227

88234

88240

88243

88244

88246

88254

88255

88265

88270

88293

88294

88327

88331

88344

88357

88383

88389

88396

88397

88413

88420

88427

88440

88441

88450

88467

88470

88477

88479

88484

88508

88511

88560

88563

88576

88582

88587

88599

88601

88604

88616

88617

88618

88655

88668

88669

88673

88675

88703

88722

88725

88732

88737

88738

88748

88785

88786

88793

88800

88802

88812

88814

88826

88827

88830

88832

88838

88852

88869

88884

88885

88900

88904

88908

88913

88936

88941

88955

88967

89000

89004

89018

89025

89029

89032

89039

89113

89129

89147

89168

89170

89176

89183

89197

89203

89217

89225

89244

89250

89251

89252

89268

89287

89291

89294

89303

89308

89311

89326

89330

89347

89349

89357

89360

89361

89385

89392

89408

89422

89436

89474

89485

89507

89533

89535

89543

89555

89597

89604

89613

89623

89629

89635

89638

89652

89655

89678

89681

89696

89697

89701

89746

89763

89773

89789

89834

89847

89849

89856

89863

89874

89880

89883

89884

89890

89893

89894

89904

89928

89938

89941

89965

89978

89979

89982

89993

90001

90002

90016

90018

90024

90054

90068

90073

90081

90082

90116

90120

90123

90124

90150

90155

90159

90169

90173

90174

90185

90188

90193

90205

90227

90232

90235

90242

90255

90256

90259

90273

90274

90285

90288

90294

90307

90336

90343

90345

90371

90375

90382

90387

90402

90406

90423

90426

90476

90485

90496

90497

90508

90512

90516

90519

90527

90529

90534

90536

90543

90551

90553

90564

90589

90592

90597

90610

90633

90640

90667

90670

90672

90681

90689

90709

90710

90730

90732

90737

90751

90773

90774

90776

90792

90794

90795

90799

90818

90826

90840

90844

90857

90871

90909

90939

90950

90972

90983

90997

90998

91011

91027

91035

91055

91064

91085

91088

91089

91096

91098

91111

91140

91158

91160

91167

91194

91200

91204

91209

91222

91226

91227

91236

91239

91240

91292

91293

91301

91302

91303

91306

91309

91326

91331

91348

91356

91362

91365

91368

91409

91417

91420

91421

91427

91430

91435

91447

91452

91457

91473

91501

91510

91513

91519

91529

91530

91531

91550

91552

91561

91572

91625

91627

91643

91657

91665

91666

91668

91675

91694

91707

91740

91754

91759

91774

91785

91813

91824

91827

91828

91859

91870

91872

91878

91890

91892

91900

91919

91931

91977

91987

91994

92002

92046

92047

92059

92061

92067

92076

92088

92093

92109

92114

92167

92172

92183

92186

92193

92197

92199

92202

92222

92225

92242

92254

92262

92277

92281

92291

92294

92298

92303

92317

92318

92327

92343

92348

92368

92379

92389

92390

92392

92403

92405

92412

92413

92431

92438

92445

92456

92467

92479

92482

92503

92524

92563

92578

92586

92620

92621

92622

92623

92631

92650

92652

92684

92691

92699

92707

92709

92716

92737

92738

92742

92750

92773

92774

92777

92782

92784

92788

92791

92810

92836

92861

92862

92869

92876

92890

92903

92966

92973

92980

92983

92985

92997

93004

93010

93015

93037

93050

93052

93055

93062

93065

93077

93094

93124

93130

93134

93155

93169

93171

93186

93196

93199

93214

93219

93224

93229

93234

93235

93277

93311

93349

93368

93382

93385

93386

93390

93397

93410

93414

93419

93421

93429

93441

93452

93453

93468

93490

93495

93497

93499

93506

93512

93516

93520

93521

93525

93526

93540

93550

93557

93578

93583

93597

93600

93612

93621

93645

93649

93651

93680

93708

93710

93712

93718

93722

93726

93739

93759

93762

93778

93785

93818

93819

93822

93830

93839

93848

93856

93860

93876

93883

93901

93907

93908

93911

93914

93928

93932

93954

93959

93963

93964

94011

94018

94022

94048

94051

94056

94063

94064

94074

94076

94080

94091

94096

94112

94128

94129

94143

94146

94153

94162

94163

94174

94190

94201

94219

94220

94245

94252

94255

94297

94319

94324

94332

94383

94402

94410

94426

94429

94431

94453

94464

94472

94474

94484

94511

94517

94545

94547

94553

94557

94565

94574

94575

94583

94603

94612

94613

94636

94655

94657

94661

94664

94665

94669

94674

94678

94690

94712

94716

94717

94724

94737

94754

94764

94778

94779

94784

94785

94794

94799

94811

94814

94817

94818

94823

94841

94846

94849

94851

94865

94882

94887

94891

94919

94923

94933

94952

94972

94980

94984

95001

95028

95036

95052

95058

95062

95069

95070

95081

95117

95128

95129

95131

95141

95166

95169

95179

95183

95197

95223

95264

95267

95273

95279

95294

95298

95305

95306

95315

95321

95327

95332

95335

95341

95360

95378

95388

95409

95410

95413

95429

95437

95451

95458

95481

95494

95506

95512

95530

95532

95574

95583

95586

95613

95627

95638

95650

95660

95664

95669

95671

95673

95691

95694

95714

95721

95728

95731

95747

95749

95774

95780

95793

95805

95809

95813

95814

95819

95836

95850

95852

95892

95896

95903

95905

95932

95941

95943

95950

95959

95972

95979

95987

96009

96027

96029

96048

96052

96070

96075

96083

96088

96095

96114

96116

96123

96126

96128

96133

96148

96154

96163

96167

96168

96174

96185

96191

96192

96197

96206

96212

96222

96226

96249

96252

96253

96262

96270

96288

96303

96311

96338

96340

96342

96344

96358

96375

96378

96390

96415

96431

96451

96455

96463

96483

96516

96528

96554

96555

96560

96601

96603

96626

96633

96654

96661

96663

96680

96700

96701

96703

96709

96751

96754

96763

96790

96795

96821

96822

96823

96824

96828

96846

96849

96864

96869

96870

96879

96881

96896

96897

96904

96905

96913

96921

96922

96923

96931

96940

96941

96976

96986

96993

96995

97001

97005

97036

97047

97051

97052

97065

97068

97076

97089

97098

97111

97113

97114

97130

97139

97154

97162

97167

97177

97178

97200

97206

97211

97215

97225

97230

97248

97253

97286

97306

97309

97313

97321

97334

97351

97352

97377

97385

97419

97429

97444

97446

97464

97477

97480

97482

97484

97508

97540

97553

97574

97582

97583

97584

97609

97621

97628

97642

97655

97657

97666

97686

97690

97705

97712

97730

97733

97747

97764

97776

97782

97783

97786

97799

97811

97815

97816

97818

97833

97835

97842

97845

97849

97862

97882

97883

97885

97891

97896

97902

97903

97907

97914

97916

97921

97933

97967

97998

98001

98010

98038

98039

98054

98069

98076

98083

98105

98116

98117

98119

98126

98135

98142

98145

98146

98157

98164

98213

98234

98238

98275

98280

98293

98304

98313

98329

98351

98356

98370

98403

98409

98464

98472

98473

98477

98483

98494

98515

98529

98542

98553

98555

98569

98586

98587

98589

98592

98614

98618

98629

98631

98651

98652

98654

98667

98684

98692

98699

98704

98705

98715

98716

98719

98725

98737

98743

98765

98769

98770

98779

98805

98806

98807

98817

98828

98850

98852

98898

98903

98906

98931

98944

98946

98960

98965

98975

98976

98987

99004

99011

99017

99025

99031

99034

99036

99043

99072

99073

99078

99093

99098

99110

99122

99134

99155

99163

99186

99188

99189

99193

99197

99206

99225

99226

99227

99228

99242

99248

99255

99257

99259

99267

99273

99274

99279

99280

99292

99343

99344

99355

99358

99359

99372

99373

99375

99386

99393

99404

99409

99417

99422

99440

99444

99475

99484

99502

99525

99529

99540

99544

99553

99563

99575

99579

99580

99600

99609

99620

99623

99630

99640

99659

99664

99668

99683

99686

99697

99721

99731

99735

99738

99746

99764

99766

99771

99789

99816

99829

99830

99831

99840

99851

99856

99857

99864

99892

99893

99942

99945

99948

99957

99974

99981

99984

99999

100000
