100
492.26458 1.27022 1930.42889
148.10669 3.92135 524.22051
1.0 3.0 1983.81
499.0 4.0 564.0
498.74906 1.24523 1974.14053
183.0 2.0 290.0
498.56166 1.06414 1921.03111
407.00000 1.00000 424.00000
229.0 2.0 979.0
494.10557 1.08200 1995.89964
241.0 1.0 1603.0
494.42868 1.28709 1938.81657
91.71594 1.76420 69.42399
495.33747 1.43263 1986.76851
490.69246 1.03743 1920.60403
492.49084 1.37971 1929.79629
25.46698 3.17780 1204.70591
93.73252 3.44411 656.09352
411.46747 1.47344 1675.31073
496.67636 1.44715 1981.05047
498.37434 1.44224 1916.82519
440.0 2.0 46.0
32.0 3.4 506.0
431.36286 1.74496 414.13961
495.89410 1.30196 1979.72728
452.00000 4.00000 467.00000
76.0 2.0 303.0
66.009 2.27 1.0
492.99231 1.22193 1915.62448
490.16612 1.11433 1966.27999
492.54749 1.23956 1939.00613
491.88779 1.12003 1980.78328
206.00000 2.00000 412.00000
80.460 1.496 374.64
362.93887 2.09395 154.81539
224.5 1.50 770.76
406.82942 3.59107 1657.49767
372.00000 1.00000 378.00000
266.0 2.9534 1520.82932
417.196 1.52040 1073.86
412.65149 2.32413 480.10461
1.03291 3.49224 1999.91210
319.0411 2.435 1285.995
498.15511 1.20632 1915.21493
495.11904 1.18225 1983.01968
351.0 1.65 2000.0
74.5 2.5295 327.47
1.01279 3.87260 1999.95305
398.18792 3.87827 4.94960
83.33616 1.07911 1416.73193
219.0 3.0 1362.0
497.38758 1.21981 1981.30932
86.0 1.0 524.0
371.37 1.13 745.2
283.00000 4.00000 293.00000
346.00000 2.00000 692.00000
226.96758 2.27809 1952.42246
457.41751 2.44077 1001.95806
492.68971 1.45001 1982.94296
494.64532 1.31194 1993.56314
496.98740 1.16362 1985.84101
1.28221 3.72264 2.08259
460.01851 2.66927 1905.43240
497.29234 1.44632 1921.72670
496.15321 1.35833 1923.01380
500.0 2.16880 635.44517
492.47725 1.40980 1970.36600
491.74271 1.02519 1912.71992
1.00436 3.97126 1999.06556
492.31961 1.23680 1913.90483
244.00000 2.00000 488.00000
495.95689 1.17980 1944.93915
382.60891 1.91984 458.04672
496.78546 1.10765 1969.69171
1.03016 3.55142 1999.55222
430.0035 4.00000 1235.1
126.66017 2.29646 1348.60860
419.21171 2.17070 265.48316
148.0 3.0 143.0
56.0 4.0 171.0
179.88315 1.47220 399.69259
449.00000 2.00000 898.00000
493.54360 1.42228 1906.45228
417.0 2.0 716.0
275.302 3.69472 1321.48
251.0 1.77919 1393.494
498.27674 1.15140 1910.27850
218.67180 3.45055 1835.38675
391.0 3.0 1000.0
433.0 1.0 1848.0
212.03 3.12 508.471
231.04 1.8 272.53
493.67312 1.47471 1968.62821
497.50507 1.13193 1924.51562
93.71733 1.0 1638.011
455.0 2.0 743.0
492.88805 1.32537 1927.90466
494.98456 1.45652 1970.71980
359.98080 1.37803 1014.53441
497.81859 1.41305 1938.63956
