50
10
0.48 0.17 0.57 0.09 0.04 0.22 0.30 0.74 0.96 0.43
0.39 0.87 0.52 0.83 0.70 0.65 0.61 0.35 0.26 0.13
10
0.814 0.221 0.956 0.522 0.593 0.761 0.150 0.204 0.973 0.867
0.938 0.434 0.496 0.558 0.009 0.796 0.947 0.770 0.044 0.655
6
0.28 0.45 0.12 0.16 0.35 0.39
0.94 0.68 0.70 0.72 0.93 0.75
10
0.83 0.97 0.99 0.74 0.67 0.53 0.76 0.55 0.94 0.84
0.37 0.06 0.38 0.35 0.34 0.26 0.05 0.03 0.08 0.28
10
0.933 0.167 0.033 0.292 0.925 0.892 0.150 0.075 0.958 0.833
0.542 0.733 0.433 0.850 0.092 0.208 0.775 0.017 0.825 0.667
9
0.895 0.781 0.905 0.810 0.800 0.924 0.629 0.610 0.743
0.162 0.752 0.333 0.419 0.238 0.762 0.533 0.276 0.152
2
0.17 0.30
0.96 0.26
1
0.2
0.5
1
0.45
0.27
9
0.75 0.51 0.95 0.19 0.84 0.59 0.44 0.67 0.01
0.11 0.37 0.63 0.22 0.99 0.10 0.94 0.80 0.34
8
0.49 0.82 0.56 0.25 0.54 0.84 0.87 0.03
0.62 0.95 0.77 0.36 0.92 0.70 0.67 0.43
10
0.40 0.03 0.22 0.30 0.38 0.12 0.27 0.45 0.05 0.10
0.93 0.55 0.88 0.73 0.50 0.68 0.98 0.85 0.83 0.90
1
0.91
0.82
3
0.56 0.81 0.44
0.12 0.31 0.38
1
0.6
0.4
10
0.29 0.82 0.92 0.80 0.51 0.08 0.10 0.57 0.16 0.98
0.94 0.12 0.02 0.39 0.20 0.55 0.18 0.43 0.22 0.53
1
0.5
0.2
10
0.918 0.136 0.991 0.673 0.445 0.045 0.318 0.609 0.591 0.036
0.173 0.982 0.536 0.836 0.264 0.245 0.909 0.218 0.291 0.482
10
0.91 0.70 0.42 0.40 0.98 0.55 0.30 0.92 0.83 0.11
0.72 0.21 0.57 0.62 0.49 0.66 0.53 0.02 0.43 0.89
5
0.49 0.57 0.65 0.86 0.95
0.35 0.05 0.08 0.76 0.38
5
0.85 0.78 0.48 0.67 0.52
0.15 0.44 0.11 0.22 0.07
10
0.65 0.14 0.95 0.12 0.07 0.53 0.26 0.91 0.19 0.40
0.37 0.60 0.05 0.42 0.77 0.88 0.74 0.33 0.79 0.49
10
0.08 0.51 0.13 0.87 0.44 0.74 0.28 0.62 0.64 0.85
0.59 0.46 0.90 0.82 0.15 0.33 0.54 0.77 0.49 0.41
10
0.09 0.02 0.23 0.34 0.07 0.12 0.29 0.46 0.20 0.30
0.79 0.89 0.88 0.68 0.57 0.80 0.91 0.98 0.63 0.52
3
0.33 0.38 0.14
0.24 0.71 0.10
10
0.972 0.877 0.896 0.717 0.689 0.632 0.840 0.670 0.792 0.745
0.104 0.557 0.217 0.358 0.094 0.585 0.255 0.500 0.406 0.075
10
0.754 0.649 0.237 0.246 0.939 0.272 0.088 0.184 0.825 0.930
0.728 0.219 0.974 0.509 0.044 0.193 0.816 0.395 0.956 0.868
10
0.29 0.52 0.33 0.43 0.90 0.71 0.10 0.48 0.57 0.62
0.14 0.76 0.05 0.81 0.38 0.19 0.24 0.67 0.95 0.86
10
0.126 0.235 0.277 0.521 0.647 0.899 0.697 0.924 0.866 0.992
0.134 0.101 0.429 0.319 0.916 0.731 0.202 0.798 0.857 0.933
10
0.32 0.86 0.84 0.45 0.92 0.94 0.75 0.49 0.40 0.81
0.91 0.48 0.36 0.34 0.07 0.31 0.20 0.99 0.26 0.53
3
0.90 0.33 0.05
0.38 0.43 0.52
5
0.82 0.81 0.42 0.74 0.46
0.72 0.86 0.77 0.05 0.07
10
0.47 0.85 0.64 0.55 0.68 0.99 0.15 0.71 0.72 0.33
0.40 0.14 0.46 0.04 0.13 0.94 0.61 0.73 0.48 0.91
4
0.34 0.86 0.17 0.37
0.97 0.23 0.57 0.20
4
0.40 0.67 0.86 0.60
0.83 0.45 0.55 0.52
8
0.75 0.44 0.31 0.50 0.53 0.64 0.81 0.89
0.17 0.86 0.69 0.67 0.72 0.14 0.11 0.06
8
0.86 0.17 0.90 0.66 0.28 0.07 0.76 0.31
0.14 0.97 0.83 0.48 0.34 0.69 0.41 0.10
10
0.96 0.30 0.36 0.39 0.23 0.59 0.50 0.43 0.20 0.21
0.71 0.37 0.46 0.54 0.48 0.95 0.18 0.80 0.86 0.84
9
0.05 0.95 0.62 0.52 0.90 0.86 0.19 0.29 0.67
0.43 0.48 0.71 0.33 0.14 0.57 0.38 0.10 0.76
10
0.970 0.663 0.089 0.030 0.990 0.149 0.960 0.653 0.634 0.515
0.891 0.050 0.941 0.812 0.931 0.376 0.119 0.426 0.396 0.317
10
0.63 0.35 0.56 0.51 0.23 0.10 0.29 0.44 0.05 0.24
0.13 0.62 0.20 0.95 0.04 0.12 0.32 0.83 0.99 0.49
10
0.73 0.21 0.82 0.81 0.45 0.68 0.19 0.29 0.59 0.48
0.24 0.31 0.09 0.41 0.27 0.39 0.61 0.64 0.86 0.01
10
0.09 0.41 0.19 0.22 0.02 0.13 0.56 0.30 0.04 0.94
0.57 0.59 0.54 0.61 0.98 0.39 0.11 0.50 0.80 0.17
10
0.01 0.46 0.18 0.19 0.49 0.42 0.48 0.16 0.31 0.06
0.92 0.89 0.69 0.65 0.53 0.88 0.72 0.96 0.67 0.90
2
0.1 0.6
0.8 0.2
6
0.75 0.62 0.31 0.88 0.12 0.56
0.81 0.19 0.50 0.06 0.69 0.94
10
0.57 0.51 0.94 0.75 0.74 0.64 0.68 0.90 0.81 0.76
0.36 0.18 0.21 0.14 0.07 0.33 0.44 0.25 0.06 0.32
10
0.06 0.22 0.16 0.03 0.28 0.25 0.50 0.19 0.12 0.09
0.88 0.84 0.72 0.59 0.81 0.94 0.97 0.62 0.91 0.66
2
0.06 0.81
0.94 0.62
10
0.21 0.06 0.09 0.02 0.20 0.16 0.29 0.15 0.10 0.03
0.61 0.93 0.53 0.62 0.38 0.94 0.40 0.97 0.95 0.44
