SOLN       COLUMN
 #      1 2 3 4 5 6 7 8

 1      3 6 4 2 8 5 7 1
 2      3 6 8 2 4 1 7 5
 3      4 6 8 2 7 1 3 5
 4      4 7 5 2 6 1 3 8
 5      6 1 5 2 8 3 7 4
 6      6 3 7 2 4 8 1 5
 7      6 3 7 2 8 5 1 4
 8      7 3 8 2 5 1 6 4

SOLN       COLUMN
 #      1 2 3 4 5 6 7 8

 1      2 5 7 4 1 8 6 3
 2      2 6 8 3 1 4 7 5
 3      2 7 5 8 1 4 6 3
 4      3 5 2 8 1 7 4 6
 5      3 5 8 4 1 7 2 6
 6      3 6 2 7 1 4 8 5
 7      3 8 4 7 1 6 2 5
 8      4 2 7 5 1 8 6 3
 9      4 2 8 6 1 3 5 7
10      4 6 8 3 1 7 5 2
11      4 7 5 3 1 6 8 2
12      4 8 5 3 1 7 2 6
13      6 3 5 7 1 4 2 8
14      6 3 5 8 1 4 2 7
15      6 3 7 4 1 8 2 5
16      6 8 2 4 1 7 5 3
17      7 2 6 3 1 4 8 5
18      8 2 5 3 1 7 4 6

SOLN       COLUMN
 #      1 2 3 4 5 6 7 8

 1      4 2 5 8 6 1 3 7
 2      4 2 8 6 1 3 5 7
 3      4 6 1 5 2 8 3 7
 4      5 2 4 6 8 3 1 7
 5      5 3 1 6 8 2 4 7
 6      5 8 4 1 3 6 2 7
 7      6 3 1 8 5 2 4 7
 8      6 3 5 8 1 4 2 7

SOLN       COLUMN
 #      1 2 3 4 5 6 7 8

 1      1 5 8 6 3 7 2 4
 2      1 7 4 6 8 2 5 3
 3      2 7 3 6 8 5 1 4
 4      4 2 8 6 1 3 5 7
 5      5 1 4 6 8 2 7 3
 6      5 1 8 6 3 7 2 4
 7      5 2 4 6 8 3 1 7
 8      5 3 1 6 8 2 4 7
 9      5 7 2 6 3 1 4 8
10      5 7 2 6 3 1 8 4
11      7 3 1 6 8 5 2 4
12      8 3 1 6 2 5 7 4

SOLN       COLUMN
 #      1 2 3 4 5 6 7 8

 1      1 5 8 6 3 7 2 4
 2      1 6 8 3 7 4 2 5
 3      1 7 4 6 8 2 5 3
 4      1 7 5 8 2 4 6 3

SOLN       COLUMN
 #      1 2 3 4 5 6 7 8

 1      4 2 5 8 6 1 3 7
 2      4 2 7 3 6 8 1 5
 3      4 2 7 3 6 8 5 1
 4      4 2 7 5 1 8 6 3
 5      4 2 8 5 7 1 3 6
 6      4 2 8 6 1 3 5 7
 7      5 2 4 6 8 3 1 7
 8      5 2 4 7 3 8 6 1
 9      5 2 6 1 7 4 8 3
10      5 2 8 1 4 7 3 6
11      6 2 7 1 3 5 8 4
12      6 2 7 1 4 8 5 3
13      7 2 4 1 8 5 3 6
14      7 2 6 3 1 4 8 5
15      8 2 4 1 7 5 3 6
16      8 2 5 3 1 7 4 6

SOLN       COLUMN
 #      1 2 3 4 5 6 7 8

 1      2 7 3 6 8 5 1 4
 2      4 7 3 8 2 5 1 6
 3      7 1 3 8 6 4 2 5
 4      7 5 3 1 6 8 2 4

SOLN       COLUMN
 #      1 2 3 4 5 6 7 8

 1      2 5 7 4 1 8 6 3
 2      3 5 8 4 1 7 2 6
 3      5 1 8 4 2 7 3 6
 4      5 3 8 4 7 1 6 2
 5      5 7 1 4 2 8 6 3
 6      5 7 2 4 8 1 3 6
 7      6 3 7 4 1 8 2 5
 8      6 8 2 4 1 7 5 3

SOLN       COLUMN
 #      1 2 3 4 5 6 7 8

 1      3 1 7 5 8 2 4 6
 2      3 6 2 5 8 1 7 4
 3      4 2 7 5 1 8 6 3
 4      4 2 8 5 7 1 3 6
 5      4 6 1 5 2 8 3 7
 6      4 8 1 5 7 2 6 3
 7      6 4 1 5 8 2 7 3
 8      7 4 2 5 8 1 3 6

