1000
240 9
30 20 80 50 45 35 40 45 30
120 5
31 31 31 31 30
60 1
54
60 1
55
60 1
56
180 9
30 30 30 30 30 30 30 30 30
240 9
1000 1000 1000 1000 1000 1000 1000 1000 1000
240 9
100 100 100 100 100 100 100 100 100
120 4
30 40 50 20
60 10
1 1 1 1 1 1 1 1 1 1
110 10
36 11 5 28 55 4 54 20 44 14
150 7
1 18 31 26 12 47 1
160 13
23 47 59 55 42 52 15 14 17 54 58 2 12
200 11
40 15 53 37 32 18 42 2 15 41 25
270 13
54 13 6 18 57 59 44 29 56 29 51 13 45
200 15
55 33 55 53 54 14 21 10 42 58 3 2 42 28 57
220 7
57 38 5 59 8 42 35
70 8
38 36 40 30 56 37 2 21
120 3
52 5 14
100 8
56 37 38 3 45 21 20 5
280 7
35 32 4 42 11 13 23
170 3
57 14 12
120 13
10 11 9 35 56 47 8 47 25 12 41 44 47
250 6
18 42 59 36 30 32
110 7
26 8 35 41 48 20 15
270 13
46 51 6 48 25 16 51 51 34 38 59 34 26
170 15
3 17 29 3 53 30 25 21 22 33 24 25 56 46 58
70 3
45 18 51
90 10
7 26 25 16 55 50 45 39 37 22
90 5
29 11 44 30 44
170 7
34 2 60 58 14 42 19
90 5
54 50 41 10 49
130 7
49 54 5 48 51 13 13
260 2
30 15
140 14
48 29 49 29 33 52 22 47 31 29 34 59 5 4
110 8
3 53 45 45 35 24 11 21
90 8
25 46 12 5 39 33 39 29
250 10
29 46 28 45 23 28 40 1 17 13
110 9
9 29 20 4 27 32 21 9 41
270 3
14 39 47
120 12
51 60 55 60 48 33 23 38 42 32 58 3
200 4
28 41 45 25
260 7
43 54 19 38 13 42 24
130 11
23 53 33 22 47 32 17 60 35 41 53
230 14
48 2 47 3 47 32 37 44 10 56 53 11 51 25
200 15
32 6 15 16 58 40 40 6 34 1 38 48 9 8 47
270 6
26 43 4 56 56 48
270 4
51 59 52 39
110 12
40 43 36 14 50 39 32 53 54 37 28 30
150 14
28 5 1 56 42 47 1 44 58 31 23 9 5 48
150 4
39 22 50 17
150 7
31 6 45 59 38 52 42
300 12
30 52 41 50 31 49 10 4 9 44 51 56
240 4
34 10 57 49
270 6
39 59 46 46 5 25
290 5
26 9 8 30 3
260 13
10 57 45 1 32 51 3 6 6 35 26 34 48
170 12
8 5 25 36 58 26 32 37 29 14 14 60
140 4
25 14 33 24
180 3
17 35 29
200 2
58 41
90 14
15 58 30 43 37 44 60 55 35 18 46 59 21 45
60 11
30 14 13 56 53 43 45 35 47 22 46
300 6
20 1 50 45 36 48
240 14
22 46 18 59 26 26 9 32 18 57 7 47 39 41
150 2
14 39
300 2
41 35
90 10
53 37 31 50 51 53 47 22 48 39
120 15
9 37 20 17 45 55 51 25 13 41 7 38 23 53 33
160 8
45 10 14 43 13 26 43 49
300 9
33 9 12 3 28 31 18 43 52
180 6
54 40 39 28 56 5
300 9
53 7 23 27 44 16 1 16 20
110 7
15 55 53 15 16 45 28
120 1
10
160 11
42 43 11 30 48 15 31 18 59 16 51
250 8
10 12 44 19 39 46 31 46
180 15
46 4 4 24 49 1 38 1 23 60 43 48 33 33 18
60 10
37 28 27 2 57 19 43 43 33 53
160 6
57 14 23 45 38 43
90 13
46 29 51 59 50 4 26 54 21 18 32 28 18
250 4
15 12 45 30
230 10
30 47 22 29 53 14 28 56 2 16
250 3
6 34 13
240 2
48 42
130 15
20 18 39 10 6 53 4 42 24 50 19 5 34 34 6
270 2
18 51
100 7
8 31 54 58 47 57 56
100 12
43 22 6 36 34 31 5 43 13 39 28 24
200 10
31 25 37 4 28 16 46 33 39 16
180 2
53 57
170 12
49 33 19 3 42 50 22 38 23 11 54 9
260 2
57 24
180 8
59 33 8 40 35 6 49 2
260 6
53 29 13 43 20 24
90 13
44 9 46 55 27 27 43 23 29 43 49 59 27
190 1
54
80 6
28 29 18 23 26 5
140 12
43 5 23 4 47 33 11 7 6 28 15 52
170 10
29 7 16 3 23 32 54 44 43 43
240 10
20 26 45 18 57 6 25 60 49 15
290 4
33 7 9 25
110 13
24 58 39 17 27 40 29 44 49 51 16 44 59
190 4
41 50 37 30
200 5
34 48 9 58 52
200 1
12
270 4
44 40 6 14
200 15
14 39 22 19 2 29 16 47 37 42 6 50 39 31 47
300 1
59
90 2
7 29
170 14
24 20 10 42 50 2 54 35 41 23 19 10 19 60
260 8
25 11 14 15 26 52 53 14
110 8
25 48 36 27 2 1 15 8
120 10
49 41 9 18 11 58 35 28 24 5
260 8
46 30 51 26 5 52 14 3
170 15
6 29 47 15 34 28 36 14 26 35 55 40 43 44 53
250 7
7 50 52 24 43 7 47
110 3
44 56 28
180 4
42 24 27 43
290 7
59 60 60 12 6 51 22
130 5
32 20 13 37 68
300 11
97 66 32 81 42 50 50 59 79 24 73
300 10
25 122 45 27 89 26 25 45 34 48
140 5
49 34 58 53 31
150 5
25 31 38 52 25
220 8
61 40 47 64 29 27 53 92
170 5
50 53 54 13 62
60 3
76 40 60
140 5
71 15 45 56 86
130 5
34 20 38 41 14
250 9
55 33 30 81 38 13 9 51 49
240 8
39 38 29 42 12 43 20 123
130 5
40 27 32 47 81
170 7
26 55 59 47 25 54 66
210 8
13 40 18 44 74 65 95 40
150 7
54 69 35 38 76 44 36
200 7
68 41 47 23 43 34 52
80 2
65 15
130 4
62 49 19 21
120 5
53 39 41 55 90
100 3
46 31 32
90 4
18 37 63 52
150 5
33 47 19 30 43
300 10
12 34 20 23 30 22 40 34 49 41
100 4
49 43 21 32
70 3
45 49 20
150 6
72 7 57 122 32 37
120 5
86 26 29 58 38
160 6
40 38 27 61 72 17
180 7
20 47 57 61 28 23 37
220 7
41 54 25 17 27 34 14
300 11
43 81 43 29 33 32 24 28 44 15 23
120 3
23 49 32
220 7
26 57 31 24 41 22 78
180 6
52 69 19 36 36 33
190 6
38 29 47 28 65 18
120 4
28 19 74 53
290 10
61 80 61 33 80 24 40 54 40 45
240 8
41 32 52 26 55 59 37 35
300 10
35 31 49 41 28 69 82 21 42 29
210 8
40 35 66 62 43 7 80 41
190 6
69 41 20 45 42 31
200 7
43 74 22 51 31 49 19
150 5
14 42 51 42 31
110 3
52 20 32
280 9
16 89 32 97 24 47 37 32 38
110 4
86 10 36 51
200 7
97 59 30 19 37 33 78
280 10
43 62 16 27 80 70 41 28 47 26
180 6
41 51 36 32 72 47
270 9
37 27 19 30 36 10 79 28 61
80 3
44 50 52
100 3
112 44 37
100 4
31 40 37 31
260 8
36 45 40 78 51 46 23 40
120 5
103 15 62 55 47
150 7
49 50 35 17 71 12 19
100 4
35 31 37 24
220 8
45 35 22 89 16 62 55 33
190 6
35 29 67 19 15 41
230 7
14 66 42 33 24 56 31
250 8
119 24 34 97 48 20 52 21
150 5
51 31 30 31 38
160 5
60 41 24 43 34
200 7
48 47 76 24 22 44 41
280 9
46 37 65 17 59 49 58 50 35
150 5
47 29 69 103 36
220 8
78 55 89 74 76 95 34 30
300 11
21 75 63 6 52 51 23 46 46 33 74
290 10
33 68 35 22 74 53 12 80 57 27
70 2
64 49
190 7
55 55 47 50 54 44 51
150 5
65 48 67 68 64
130 4
40 62 58 9
280 10
46 19 23 32 23 56 145 18 49 24
70 2
17 40
220 8
33 14 82 33 76 16 72 56
240 8
29 23 27 114 32 51 43 26
290 10
34 70 22 64 22 39 30 27 33 36
240 8
28 147 57 51 23 37 77 77
250 9
30 68 43 39 36 21 40 33 44
90 4
58 17 79 41
140 4
53 59 14 19
170 4
62 51 68 25
60 3
40 42 24
100 3
38 34 32
160 5
26 27 30 19 21
70 3
61 56 30
190 7
17 75 36 82 7 80 22
90 3
33 26 55
280 9
96 9 29 33 28 149 55 77 79
100 3
70 23 40
60 2
34 65
230 8
95 53 29 71 25 78 41 31
90 3
35 45 53
240 8
20 52 19 27 78 29 37 29
140 5
50 54 13 41 35
220 7
37 51 27 31 42 14 60
160 6
35 38 20 47 32 68
120 5
29 54 60 19 54
150 5
74 38 61 15 44
280 11
24 25 12 64 33 56 35 36 38 52 41
80 2
23 41
220 8
76 36 49 35 48 50 41 32
120 4
53 50 53 84
270 10
29 26 15 53 45 13 41 65 67 44
60 3
40 44 33
90 3
55 24 48
140 4
49 41 25 83
90 3
88 30 50
160 6
27 42 30 34 28 52
300 10
35 25 14 18 68 24 31 42 104 27
210 8
40 78 32 42 71 54 16 28
230 7
93 14 43 19 56 27 44
260 9
31 15 22 48 58 56 30 41 28
130 5
68 42 28 23 19
170 5
40 39 39 27 73
90 4
36 49 81 64
130 5
43 50 63 21 41
250 9
22 34 9 44 15 49 30 17 54
230 6
32 32 16 64 11 47
60 2
30 55
110 3
96 46 21
240 9
18 13 22 37 43 15 38 85 38
110 5
63 22 28 23 43
70 3
49 50 31
80 2
20 19
160 4
36 40 47 25
60 3
66 12 34
220 8
23 34 55 16 18 52 32 38
300 10
41 82 51 35 58 39 33 6 57 21
190 6
93 32 29 35 76 55
60 1
37
170 6
34 12 40 62 33 31
90 4
52 13 22 104
230 8
51 19 33 39 45 73 71 61
60 3
80 35 32
250 8
45 84 47 49 76 32 103 32
160 5
32 14 24 58 31
160 5
25 46 28 30 48
210 9
47 28 36 42 25 21 24 49 47
240 8
48 57 46 24 30 23 31 49
200 7
30 36 64 53 15 42 25
220 7
58 44 43 27 24 17 50
180 7
63 58 26 37 70 58 49
180 6
76 19 17 25 41 42
150 5
29 42 27 55 109
290 10
23 39 80 62 43 20 18 11 36 43
230 8
54 38 33 13 21 49 34 39
240 9
23 13 16 24 61 57 35 66 87
140 5
31 22 45 28 25
220 8
42 19 32 14 75 19 12 23
60 2
21 56
80 2
54 17
90 3
52 33 46
120 4
39 73 10 68
210 7
32 38 57 35 60 55 24
60 2
28 20
60 3
17 34 100
120 5
15 57 34 28 9
280 9
34 29 34 26 44 25 17 24 51
270 9
24 11 82 14 38 25 47 26 25
90 3
29 67 36
80 2
73 51
240 8
24 66 32 56 51 62 38 49
80 2
19 43
250 8
70 54 28 42 29 24 69 31
80 2
23 46
240 8
18 29 38 52 13 12 38 31
150 6
9 31 33 66 40 39
110 4
64 41 35 46
300 11
24 52 46 33 31 25 49 13 59 53 34
240 9
15 45 35 33 53 24 20 16 44
70 3
40 26 40
80 2
34 78
190 7
23 21 62 58 37 54 54
240 8
23 50 22 46 29 47 8 57
280 9
54 51 14 29 37 59 29 33 15
70 2
24 48
80 2
39 33
120 4
54 21 27 44
100 4
43 30 24 41
150 5
13 28 37 118 28
150 5
22 48 51 31 16
240 8
52 6 71 20 51 45 16 37
190 6
25 28 32 18 19 25
250 9
26 10 49 29 55 17 31 18 30
130 4
73 35 76 46
170 6
20 77 81 64 87 38
200 7
14 105 34 76 44 25 39
100 4
52 33 15 48
300 11
26 45 36 22 25 7 59 37 44 17 100
240 8
59 32 70 30 9 35 119 59
110 3
22 54 45
130 5
15 53 52 28 30
260 8
43 37 67 31 33 104 50 42
220 8
42 14 7 25 28 31 42 56
80 3
11 13 62
100 4
48 58 54 71
70 2
28 35
140 4
80 44 46 47
300 11
26 28 94 35 55 57 48 40 59 25 59
100 3
10 74 35
110 2
46 105
180 6
45 46 35 60 8 25
80 3
25 36 58
120 4
12 32 44 52
160 6
87 29 13 11 48 31
150 5
97 7 59 19 105
220 7
89 86 71 105 18 64 49
240 9
52 44 30 36 50 15 45 56 21
140 5
28 38 48 51 18
100 3
64 10 39
110 3
14 39 59
130 5
46 28 75 71 32
190 6
18 34 30 130 20 42
60 3
38 42 27
120 5
61 22 47 27 34
140 5
74 83 18 66 38
240 9
40 35 29 12 10 12 43 11 43
240 8
33 41 17 54 22 44 43 45
240 10
29 67 32 37 18 37 51 13 63 20
240 9
42 91 19 20 37 49 12 70 31
240 9
50 50 43 16 39 24 22 17 24
240 8
42 15 113 52 64 31 34 30
240 7
35 41 11 68 20 43 18
240 10
24 31 73 32 43 13 37 59 54 44
240 8
16 42 75 51 26 9 79 53
240 9
50 31 8 10 32 19 54 21 32
240 8
83 61 65 55 31 35 38 44
240 8
35 51 82 29 26 21 11 61
240 9
17 34 30 79 27 11 19 61 101
240 9
72 70 69 32 27 30 89 48 44
240 9
50 33 16 25 57 91 35 9 38
240 8
89 45 59 31 22 27 62 8
240 9
43 53 24 42 35 30 22 29 57
240 9
39 20 28 51 54 58 44 18 51
240 9
61 28 22 28 46 45 36 29 17
240 8
32 33 40 16 37 36 37 21
240 8
27 69 21 39 26 42 42 29
240 9
63 30 38 41 50 19 50 81 64
240 8
17 47 34 42 7 22 20 25
240 8
13 21 10 99 65 54 62 43
240 8
4 54 37 25 25 34 53 37
240 8
33 30 34 36 64 38 40 40
240 8
41 26 34 55 50 37 54 15
240 8
35 24 103 17 35 30 31 68
240 8
25 40 62 30 111 34 49 19
240 9
28 41 40 23 31 103 45 81 43
240 8
20 43 47 22 39 65 53 70
240 8
64 28 64 19 10 23 71 9
240 8
44 33 126 77 29 58 33 33
240 8
29 40 31 27 26 12 27 43
240 9
50 60 27 48 38 7 68 22 7
240 7
25 51 50 29 20 32 24
240 9
47 30 71 67 42 57 52 16 72
240 8
61 33 39 43 59 7 41 27
240 9
15 28 21 14 95 27 52 63 27
240 8
51 19 25 70 14 42 22 26
240 7
43 40 48 34 20 77 44
240 9
84 33 60 23 31 48 30 46 102
240 8
22 53 17 48 22 20 22 37
240 9
75 38 43 47 46 45 28 22 40
240 8
17 28 96 14 50 12 28 51
240 8
20 21 47 31 31 34 41 21
240 8
31 80 30 23 41 87 17 45
240 8
49 42 32 15 21 46 24 22
240 8
27 83 34 38 38 36 15 30
240 9
31 17 56 45 40 22 9 35 19
240 8
43 53 31 38 55 26 36 38
240 8
12 40 60 79 38 105 71 30
240 8
13 15 17 47 37 61 53 36
240 9
31 68 19 43 15 68 75 54 50
240 9
65 40 35 28 39 59 55 28 28
240 9
39 21 50 30 60 26 43 49 24
240 9
14 16 13 39 14 39 24 20 10
240 7
27 24 23 59 61 38 65
240 9
16 28 13 9 67 19 21 30 43
240 8
87 13 12 65 21 23 79 38
240 8
27 36 42 36 62 14 39 25
240 8
13 47 64 21 34 22 65 42
240 8
17 14 44 33 35 9 45 51
240 9
46 41 38 36 16 28 17 69 23
240 9
23 29 18 37 37 33 20 53 36
240 9
39 47 27 27 36 60 37 42 46
240 8
19 24 45 51 23 5 35 24
240 8
20 63 39 20 21 64 47 12
240 8
14 14 63 23 73 37 51 49
240 8
59 23 47 68 34 11 56 44
240 10
23 26 35 107 19 14 47 36 66 56
240 8
9 30 29 29 56 72 50 15
240 8
50 17 83 60 27 60 26 60
240 8
40 25 49 12 52 41 36 23
240 9
44 47 42 35 36 12 10 24 73
240 9
42 38 63 25 16 60 57 41 37
240 8
87 20 47 22 14 32 26 21
240 9
22 11 25 11 49 19 89 20 32
240 8
26 78 80 17 19 37 38 31
240 9
13 17 41 44 21 48 44 52 39
240 8
32 94 43 29 30 38 22 52
240 9
75 98 20 49 122 52 44 27 30
240 9
50 5 50 23 36 52 38 23 24
240 9
34 58 69 12 36 48 44 22 77
240 8
47 47 39 58 33 73 46 60
240 8
11 46 50 48 7 50 26 39
240 8
27 9 22 19 6 41 17 41
240 8
36 56 32 59 31 57 40 35
240 9
24 22 22 12 25 49 30 67 41
240 10
65 51 70 27 55 19 20 42 26 26
240 9
11 40 45 43 46 31 58 36 24
240 9
67 40 7 26 35 35 27 13 68
240 8
18 48 26 17 67 98 57 86
240 8
37 55 40 63 18 13 38 56
240 9
62 37 17 56 67 31 59 33 46
240 9
56 56 29 26 31 55 15 33 27
240 9
12 52 51 18 98 18 28 69 20
240 9
37 25 36 55 68 29 12 58 57
240 9
36 34 40 18 42 15 14 29 38
240 9
28 21 18 75 54 27 63 22 49
240 8
50 31 35 34 45 19 44 54
240 10
74 21 57 25 51 24 66 21 70 89
240 10
92 47 53 40 53 71 18 22 16 39
240 9
26 48 81 71 44 23 44 12 62
240 9
21 33 35 34 33 50 51 26 19
240 8
24 43 81 119 49 77 48 44
240 9
32 91 49 43 37 43 97 51 59
240 9
60 34 38 39 43 7 17 37 20
240 8
34 43 46 20 38 35 17 61
240 7
26 29 77 27 62 58 25
240 9
11 92 36 38 31 18 16 30 27
300 11
35 39 38 45 52 43 75 23 68 46 43
300 11
36 112 63 53 50 54 30 37 38 21 36
300 11
41 108 31 50 40 40 58 82 119 33 30
300 10
24 22 23 53 32 28 10 21 58 79
300 11
106 53 59 58 39 18 50 43 29 40 78
300 10
57 49 25 66 60 28 35 74 25 85
300 11
49 66 89 34 101 68 60 36 27 81 42
300 11
47 62 66 37 51 63 31 68 76 45 20
300 11
47 46 31 47 89 50 18 58 13 63 42
300 10
40 47 45 56 21 32 47 57 85 83
300 10
33 50 46 20 40 59 65 26 18 27
300 11
44 62 19 34 43 71 37 21 27 32 36
300 11
54 19 9 24 21 30 59 30 27 19 32
300 10
52 36 69 112 120 54 68 61 66 76
300 10
36 24 34 42 52 93 43 44 36 99
300 10
6 52 30 65 52 78 37 77 71 39
300 12
51 83 38 22 27 30 67 96 59 32 21 43
300 11
41 45 35 62 81 42 45 43 46 55 28
300 10
43 75 42 92 29 51 57 38 108 52
300 10
26 100 37 25 33 50 52 89 34 40
300 11
21 89 60 10 60 36 54 59 37 52 76
300 10
61 57 31 43 48 24 29 26 26 23
300 11
88 54 27 54 61 41 69 33 23 57 18
300 10
27 20 20 43 26 45 59 54 33 21
300 11
125 66 60 86 55 43 56 29 28 29 20
300 10
30 39 97 54 26 47 21 29 53 42
300 10
35 48 72 46 53 49 96 37 18 41
300 11
42 8 49 51 40 50 24 64 16 17 27
300 12
40 27 84 38 89 103 44 61 52 16 46 50
300 10
16 32 39 57 30 44 42 34 53 60
300 9
44 53 33 46 21 54 50 26 37
300 10
60 13 52 35 52 48 18 32 17 64
300 10
42 47 90 91 51 49 38 21 38 20
300 11
23 27 20 72 42 27 94 81 33 80 45
300 12
33 65 31 66 48 72 40 97 43 89 40 46
300 10
34 41 72 37 66 31 32 80 52 56
300 10
31 35 41 66 68 54 34 41 29 11
300 12
64 41 89 57 30 33 57 32 54 46 53 52
300 11
35 108 43 39 23 43 28 32 28 21 25
300 11
65 73 27 24 35 31 63 21 69 61 37
300 11
38 69 56 25 21 28 31 65 14 49 43
300 11
48 50 82 20 22 67 82 72 14 82 19
300 11
51 13 54 44 42 72 50 39 23 49 57
300 11
11 24 41 21 27 110 31 99 61 48 21
300 11
34 63 51 67 50 45 101 78 53 48 41
300 11
38 52 71 38 33 68 69 42 57 19 24
300 11
58 35 23 30 30 41 85 37 41 48 21
300 11
59 56 37 72 62 64 21 49 70 75 33
300 10
36 35 101 56 26 78 52 65 36 74
300 10
93 9 112 31 50 43 34 55 29 16
300 10
18 25 95 47 45 27 88 42 32 48
300 10
66 25 60 64 86 72 102 92 69 22
300 11
50 46 64 55 38 29 43 61 37 56 27
300 11
67 51 71 45 46 37 33 31 23 23 49
300 11
65 28 56 40 40 21 42 55 91 39 39
300 11
33 98 29 32 63 36 55 66 54 18 43
300 10
25 20 39 42 58 70 46 18 87 30
300 10
47 57 32 35 21 35 79 49 62 86
300 10
34 34 19 45 45 31 70 49 41 48
300 10
51 108 44 21 51 55 121 34 66 55
300 9
38 47 71 49 57 41 47 78 57
300 10
34 41 34 121 30 72 60 42 80 25
300 11
16 64 45 46 46 81 68 38 27 82 19
300 10
28 38 42 44 53 48 52 18 35 39
300 10
46 58 66 38 45 94 57 56 54 41
300 10
70 49 68 55 63 59 46 23 46 65
300 10
76 37 29 51 26 14 63 24 94 75
300 10
22 43 51 34 45 43 37 18 86 42
300 11
54 48 53 100 54 65 39 42 45 43 110
300 12
24 78 60 16 43 40 90 31 51 59 44 118
300 11
36 49 53 74 68 35 116 40 37 47 30
300 10
55 30 89 66 32 22 74 51 31 57
300 11
39 43 66 88 27 38 60 84 61 23 59
300 10
36 30 94 32 9 61 60 148 58 36
300 10
26 51 104 25 100 39 18 55 73 41
300 11
37 71 33 32 19 13 27 68 60 82 47
300 11
41 30 48 55 18 79 58 30 45 80 54
300 10
51 21 34 33 59 35 100 21 59 89
300 10
50 45 35 41 102 58 51 46 17 32
300 11
32 105 52 46 57 82 46 39 51 45 82
300 10
67 29 33 109 33 13 35 38 31 79
300 11
53 38 14 70 26 48 40 31 40 46 64
300 10
82 70 51 36 43 49 63 28 56 53
300 10
37 37 55 20 51 23 48 29 39 38
300 10
100 33 26 31 95 45 45 74 59 64
300 11
68 46 54 119 22 33 22 47 54 56 45
300 9
47 25 95 58 64 42 78 32 33
300 10
31 42 58 32 69 54 64 76 43 42
300 11
84 37 66 50 18 63 48 36 39 62 24
300 10
26 88 20 53 42 78 47 56 69 34
300 12
28 71 34 16 32 8 52 62 56 44 79 42
300 10
74 57 63 51 58 55 35 20 73 39
300 10
31 63 19 54 53 46 47 42 49 21
300 10
67 40 45 68 42 57 76 17 45 24
300 11
27 29 23 20 59 35 41 101 85 46 65
300 11
36 69 20 56 50 51 21 31 57 57 19
300 11
62 33 51 51 48 36 27 63 57 41 85
300 11
17 34 34 30 61 17 33 36 30 91 39
300 11
53 45 59 93 76 49 18 54 11 53 36
300 10
33 43 37 64 38 26 40 78 13 72
300 10
16 53 27 54 79 30 42 27 26 6
300 12
75 48 43 27 32 54 23 44 48 36 33 21
300 10
44 55 51 59 90 37 29 75 63 72
300 10
64 44 33 70 44 69 24 30 31 44
300 10
44 46 23 85 14 50 64 71 58 50
300 10
64 29 43 55 68 44 73 62 33 46
300 11
69 59 101 32 57 97 90 103 56 46 47
300 9
19 66 61 56 80 75 57 31 61
300 10
38 41 59 76 47 58 52 43 23 45
300 10
27 42 36 65 42 83 47 44 82 62
300 11
28 38 58 34 44 106 25 53 53 58 43
300 11
55 37 65 69 31 15 62 26 32 34 39
300 11
29 32 79 48 10 51 5 41 27 35 99
300 11
28 56 31 28 27 59 26 58 44 57 82
300 11
29 21 38 17 29 55 70 41 22 33 28
300 11
11 30 54 27 2 32 29 46 16 27 43
300 11
70 23 43 58 51 48 6 60 62 21 51
300 11
45 52 15 22 55 46 45 52 55 71 14
300 11
23 27 17 32 41 35 80 19 28 57 10
300 11
34 32 20 7 29 22 34 37 62 61 48
300 11
51 36 23 51 30 72 32 34 45 54 30
300 11
40 17 27 40 46 43 62 30 36 37 50
300 11
28 34 27 17 42 34 42 37 31 10 42
300 11
34 8 50 32 68 28 23 107 32 15 39
300 11
47 27 13 29 13 56 44 15 31 37 79
300 11
32 52 16 66 47 15 67 27 29 65 18
300 11
38 32 29 18 21 59 51 26 44 25 37
300 11
54 20 43 82 61 30 40 19 31 36 42
300 11
67 43 32 68 58 36 46 69 59 55 45
300 11
61 60 35 55 68 42 22 8 37 26 38
300 11
39 37 63 48 91 24 27 38 14 8 12
300 11
28 80 48 60 54 69 29 44 26 56 19
300 11
24 30 16 32 30 27 47 24 32 33 50
300 11
81 51 16 66 39 61 54 27 18 17 56
300 11
13 31 45 13 30 24 41 62 44 19 26
300 11
43 24 44 18 65 34 52 38 20 74 52
300 11
60 38 28 10 21 37 29 31 56 112 54
300 11
57 37 94 47 44 30 61 44 34 21 32
300 11
111 20 17 113 80 29 58 47 43 58 24
300 11
11 27 20 48 65 83 26 16 41 69 81
300 11
30 72 69 7 25 59 38 53 23 59 33
300 11
87 99 31 23 31 11 42 78 59 26 66
300 11
32 20 12 46 34 112 23 28 53 43 23
300 11
75 18 76 52 61 53 50 36 20 16 23
300 11
45 45 80 46 58 18 32 55 55 24 66
300 11
63 40 78 40 66 59 41 43 23 80 44
300 11
59 42 23 34 59 40 21 32 28 63 83
300 11
82 27 21 23 24 33 39 34 29 45 23
300 11
36 43 19 20 52 35 45 33 19 27 28
300 11
24 83 29 39 42 41 107 26 27 18 33
300 11
35 42 70 76 27 11 54 16 30 25 16
300 11
32 30 53 37 10 29 33 9 65 16 50
300 11
49 51 19 41 59 57 32 11 67 22 32
300 11
42 35 25 65 41 20 84 26 46 16 58
300 11
31 33 32 54 60 32 32 67 54 37 16
300 11
25 69 53 25 34 51 40 45 49 36 83
300 11
63 41 34 62 63 108 53 74 85 32 41
300 11
38 29 49 33 41 64 36 53 56 26 23
300 11
49 18 66 62 71 46 65 46 18 19 103
300 11
62 52 24 47 30 37 36 42 61 65 62
300 11
100 31 47 27 19 26 28 51 36 34 12
300 11
42 71 28 63 25 49 20 16 28 38 37
300 11
8 33 16 59 70 56 25 22 51 22 22
300 11
30 35 30 33 10 63 39 25 26 41 51
300 11
56 18 62 54 44 43 42 52 52 16 31
300 11
23 15 36 31 27 33 6 25 21 69 88
300 11
35 19 26 59 30 33 31 29 19 28 13
300 11
44 54 54 78 22 31 56 21 37 60 20
300 11
22 44 27 67 51 40 29 54 26 33 19
300 11
34 28 31 23 55 86 36 76 31 26 22
300 11
28 50 15 74 51 24 42 47 44 45 100
300 11
40 29 27 40 57 33 23 21 32 17 33
300 11
15 33 45 43 17 36 31 12 27 47 105
300 11
27 48 31 12 51 91 39 40 27 18 56
300 11
47 29 28 10 46 46 31 42 37 21 42
300 11
27 58 19 21 75 64 54 12 49 44 96
300 11
29 25 3 35 34 99 44 72 28 46 42
300 11
23 56 17 96 42 24 21 13 34 30 29
300 11
76 25 43 51 44 33 29 43 49 18 58
300 11
22 35 37 29 38 40 75 64 40 33 33
300 11
39 39 35 80 57 8 56 53 36 79 20
300 11
37 41 79 30 27 60 52 19 44 55 21
300 11
47 32 34 39 65 5 16 29 20 18 32
300 11
24 41 56 57 65 58 34 20 41 44 26
300 11
19 17 24 24 51 17 46 25 57 27 75
300 11
39 47 40 56 29 37 28 38 31 42 28
300 11
32 19 79 18 41 20 72 39 71 7 75
300 11
13 32 15 32 91 57 74 53 35 23 14
300 11
26 14 29 52 8 21 68 23 17 64 39
300 11
40 29 31 39 71 22 17 53 6 88 65
300 11
6 27 39 37 72 56 44 8 37 39 49
300 11
39 29 28 24 62 13 56 28 86 45 27
300 11
49 12 28 33 58 11 43 35 27 64 11
300 11
32 31 65 31 56 35 19 11 49 35 49
300 11
61 36 47 38 41 29 16 41 28 45 38
300 11
34 18 73 67 16 38 75 12 33 36 32
300 11
16 37 29 18 55 19 41 48 30 71 43
300 11
27 47 31 52 28 59 39 43 38 16 49
300 11
31 58 30 66 56 93 29 79 28 53 51
300 11
45 62 66 46 15 37 35 16 31 28 39
300 11
62 44 44 16 45 12 33 87 43 46 30
300 11
37 67 25 45 47 56 10 45 25 22 25
300 11
30 53 23 30 40 71 57 34 58 29 55
300 11
50 29 51 15 57 27 43 50 27 42 41
300 11
32 15 23 50 54 27 25 16 22 80 34
300 11
55 52 30 25 71 38 24 35 50 23 71
300 11
63 34 61 39 26 28 15 23 74 55 9
300 11
39 45 17 48 63 34 37 41 48 24 54
300 11
59 42 64 40 24 31 33 41 42 21 43
300 11
28 13 66 61 68 68 33 80 80 44 28
300 11
52 33 36 53 47 67 9 22 19 24 19
300 11
46 37 27 65 37 94 24 38 41 30 71
300 11
78 63 85 42 69 64 44 63 45 35 45
300 11
61 57 16 52 26 58 62 38 34 7 25
300 11
36 49 16 18 49 63 85 38 120 65 31
300 11
21 60 20 43 41 96 7 49 51 23 13
300 11
43 20 45 38 45 46 27 66 42 43 43
300 11
47 65 85 30 22 96 41 55 54 74 66
300 11
50 12 36 40 56 52 36 28 44 39 24
300 11
20 48 13 37 38 18 19 42 12 42 47
300 15
36 42 91 32 72 57 51 69 50 44 93 10 43 44 68
300 15
53 73 57 56 118 83 49 36 38 80 19 63 51 34 72
300 15
73 15 58 150 32 130 32 56 51 45 70 20 48 38 81
300 15
55 69 39 82 65 62 90 80 76 86 61 86 56 44 94
300 15
36 40 88 56 38 35 42 38 58 80 39 66 32 24 29
300 15
27 40 65 36 51 72 62 52 46 45 32 46 76 126 59
300 15
27 23 53 106 50 42 29 52 81 85 29 54 89 67 69
300 15
21 43 113 130 95 57 52 37 31 34 60 71 31 19 59
300 15
39 63 18 68 53 69 51 47 46 53 58 59 50 39 95
300 15
26 67 34 85 67 92 35 84 88 12 39 123 13 85 103
300 15
65 42 24 79 36 53 33 28 10 27 79 56 45 52 57
300 15
83 107 48 68 94 17 50 51 88 47 49 39 55 113 47
300 15
51 75 106 47 54 92 40 12 83 79 52 67 115 44 35
300 15
38 46 54 33 31 45 62 55 22 60 23 47 119 58 35
300 15
97 42 73 40 60 77 45 45 49 53 17 58 39 80 45
300 15
108 19 48 28 44 36 96 17 47 56 50 77 40 46 49
300 15
71 75 55 41 62 80 19 73 73 26 53 42 108 72 45
300 15
38 20 73 60 42 66 38 66 18 48 71 46 56 26 44
300 15
44 42 58 32 39 89 36 42 71 35 38 41 66 49 39
300 15
51 25 81 60 42 66 46 62 60 16 81 82 21 51 31
300 15
80 40 46 29 59 60 58 29 56 63 52 54 64 107 109
300 15
61 61 73 36 88 34 79 58 50 28 27 76 32 47 60
300 15
39 52 64 39 46 41 62 51 21 37 35 33 94 56 51
300 15
38 36 64 52 58 53 63 24 67 38 39 56 101 43 117
300 15
61 70 58 66 67 36 77 45 43 22 36 25 32 107 89
300 15
34 39 30 52 78 31 60 53 73 23 97 35 50 37 48
300 15
85 40 57 48 34 55 48 46 47 54 70 63 33 97 59
300 15
35 55 56 25 57 31 91 64 55 12 77 35 97 31 35
300 15
86 81 69 87 54 52 80 62 53 63 46 94 112 82 57
300 15
68 33 35 92 34 36 16 60 24 41 35 53 76 58 42
300 15
20 47 66 94 64 39 38 61 66 38 54 47 26 27 71
300 15
37 32 65 84 26 82 50 51 62 64 85 67 28 79 43
300 15
77 24 14 31 132 68 45 68 64 90 40 36 67 75 53
300 15
60 80 19 87 25 49 49 105 66 82 58 16 63 33 27
300 15
56 58 101 54 55 58 48 69 72 27 67 27 29 61 121
300 15
58 79 29 22 33 80 61 31 52 59 65 37 11 88 68
300 15
60 49 60 34 20 78 73 32 72 53 52 38 43 32 80
300 15
52 93 44 64 66 37 88 29 46 27 39 57 52 47 59
300 15
74 32 47 101 26 86 73 58 77 41 54 56 41 57 62
300 15
89 91 60 91 50 77 35 38 107 40 31 78 80 39 45
300 15
53 69 70 87 45 49 41 45 72 42 64 24 124 30 58
300 15
62 86 23 126 81 17 39 27 115 50 51 79 64 40 32
300 15
27 71 54 46 84 21 35 70 81 55 21 69 51 45 30
300 15
70 26 37 57 56 30 51 90 53 53 39 52 23 62 73
300 15
38 23 127 83 96 55 97 37 58 18 100 64 45 59 81
300 15
44 64 29 96 84 67 58 44 61 43 57 47 102 47 61
300 15
54 89 66 44 47 28 65 71 58 80 48 60 51 90 98
300 15
61 65 44 38 77 72 80 35 31 43 81 46 33 96 73
300 15
47 86 78 66 54 42 51 76 37 39 52 36 58 94 46
300 15
40 25 46 50 45 19 30 15 37 29 58 14 59 63 46
300 15
44 74 61 27 80 35 72 53 60 59 72 18 61 30 43
300 15
54 47 37 33 51 82 77 38 58 20 58 43 54 22 54
300 15
42 23 25 41 25 66 18 44 55 67 90 65 46 80 42
300 15
53 42 47 61 50 41 22 39 81 41 54 94 18 40 85
300 15
44 57 24 65 64 60 80 40 53 38 54 28 33 40 38
300 15
80 24 35 63 64 54 87 55 91 84 45 38 34 65 79
300 15
70 34 53 36 87 75 34 76 18 48 66 68 51 29 21
300 15
43 43 88 41 93 56 50 35 32 66 70 41 72 84 40
300 15
31 82 52 66 90 65 85 61 29 46 21 45 79 77 22
300 15
50 50 86 55 23 45 34 83 40 36 62 61 69 43 53
300 15
81 50 34 43 68 62 87 67 18 41 96 41 80 83 111
300 15
39 88 73 25 25 43 43 48 90 64 43 49 40 112 99
300 15
55 49 24 38 62 37 30 16 45 37 38 59 85 44 43
300 15
91 95 52 36 35 40 90 67 54 34 35 22 54 54 56
300 15
61 64 58 37 28 79 84 31 56 47 60 44 38 55 55
300 15
72 44 31 58 74 72 70 59 30 53 39 52 32 39 40
300 15
59 52 30 36 51 17 50 73 80 47 58 25 48 35 41
300 15
51 50 51 31 49 67 35 57 85 39 80 33 58 39 51
300 15
45 43 23 77 52 12 75 64 54 68 63 45 34 25 46
300 15
30 63 40 25 69 28 80 76 53 123 36 105 59 16 34
300 15
22 97 35 26 116 29 30 56 78 33 25 87 82 73 37
300 15
43 37 71 34 36 50 47 92 136 41 107 24 32 63 33
300 15
54 56 36 41 70 89 17 45 26 51 45 49 82 18 36
300 15
66 31 69 48 35 80 24 30 59 75 65 72 39 47 58
300 15
58 57 42 64 34 65 66 78 55 67 73 86 86 43 79
300 15
18 52 37 73 41 32 61 36 51 36 25 54 62 54 54
300 15
51 51 45 84 50 61 33 33 28 58 19 84 48 45 48
300 15
73 72 55 120 69 37 51 34 45 70 103 52 37 49 48
300 15
55 24 65 23 45 147 50 80 45 55 24 17 63 63 67
300 15
65 39 95 65 31 77 67 84 18 40 79 27 64 41 69
300 15
32 32 71 14 61 10 33 56 80 42 98 53 42 36 40
300 15
44 50 41 41 86 33 28 37 89 58 46 22 31 76 75
300 15
27 107 76 37 46 56 28 92 76 38 118 50 40 22 70
300 15
46 67 54 70 62 33 47 80 76 59 75 71 71 67 31
300 15
31 22 23 31 67 22 49 99 75 51 64 91 65 72 40
300 15
54 70 45 52 9 26 31 31 39 30 64 19 38 43 93
300 15
43 46 85 65 62 103 52 41 28 13 68 53 46 60 32
300 15
47 48 41 85 55 59 59 30 29 104 37 61 50 78 34
300 15
66 54 38 50 54 108 102 68 36 62 93 55 64 62 67
300 15
85 76 106 72 82 35 42 31 25 48 87 32 24 93 126
300 15
40 73 13 46 42 23 58 24 43 21 35 56 86 19 26
300 15
56 46 64 29 62 72 43 112 42 27 39 98 60 53 64
300 15
18 65 54 91 57 57 39 51 25 54 91 68 70 74 24
300 15
20 60 85 54 38 33 59 62 60 62 43 54 63 134 32
300 15
43 48 61 102 75 60 90 70 15 48 54 43 22 42 58
300 15
58 88 54 52 98 60 30 100 46 18 53 28 56 68 43
300 15
44 51 62 48 68 41 40 57 45 125 70 55 16 34 75
300 15
84 26 82 32 40 44 71 75 79 34 62 30 36 64 86
300 15
44 93 44 46 59 13 71 40 50 82 41 43 39 35 40
300 15
28 52 30 64 61 53 44 64 45 68 38 41 36 46 66
300 15
48 48 39 40 44 78 59 28 35 51 90 77 52 45 52
300 15
62 39 41 79 86 81 41 60 66 32 89 40 18 31 67
300 15
58 58 55 61 53 56 27 26 34 58 62 74 34 35 89
300 15
36 44 70 31 25 21 81 43 44 29 26 65 21 63 45
300 15
89 111 48 48 118 41 44 86 82 54 82 72 54 32 62
300 15
55 94 59 88 62 52 33 53 30 41 89 79 71 63 59
300 15
82 118 46 42 66 46 39 112 42 45 55 51 39 41 56
300 15
25 71 31 33 74 53 34 69 39 36 41 45 72 62 28
300 15
37 62 27 58 77 92 176 22 59 57 25 26 76 15 47
300 15
31 57 61 68 59 43 85 54 57 46 91 55 76 33 118
300 15
44 43 56 70 54 31 66 34 41 36 106 36 22 109 50
300 15
33 65 44 47 49 48 31 75 55 25 36 40 51 55 69
300 15
33 33 16 24 27 40 63 47 40 57 26 22 57 41 29
300 15
79 101 57 62 31 30 58 70 37 57 29 51 82 33 70
300 15
45 77 19 40 31 73 56 33 54 45 111 34 51 53 52
300 15
106 51 100 63 116 101 84 55 24 67 52 56 25 72 80
300 15
72 27 41 88 70 109 73 31 61 53 41 43 78 31 58
300 15
29 108 56 11 67 47 35 34 23 33 64 25 36 64 22
300 15
21 44 49 63 40 31 49 25 21 68 52 47 75 76 61
300 15
12 24 61 75 50 46 50 45 35 69 56 39 101 41 78
300 15
81 25 67 60 25 32 11 69 109 76 38 60 44 17 91
300 15
48 44 10 75 27 86 79 67 59 59 22 47 28 67 58
300 15
84 77 58 70 34 42 67 71 64 30 112 45 115 94 35
300 15
38 42 65 44 22 67 45 14 44 55 32 43 53 64 32
300 15
45 95 36 32 20 76 52 79 42 63 68 31 64 69 77
300 15
45 50 99 72 59 32 76 16 111 50 27 10 31 36 60
300 15
72 59 62 40 66 41 63 31 34 54 60 49 62 25 84
300 15
47 45 41 11 57 17 31 68 35 73 29 80 34 51 33
300 15
31 58 45 65 29 46 24 45 60 26 41 69 107 94 39
300 15
93 31 97 12 85 42 40 54 37 20 44 76 44 24 56
300 15
47 73 60 103 41 70 53 31 70 59 28 61 63 14 32
300 15
36 79 45 60 69 20 16 76 66 69 24 34 92 83 39
300 15
15 62 44 137 63 46 66 51 8 66 67 52 49 74 45
300 15
95 65 147 48 48 40 35 91 19 70 44 101 38 47 39
300 15
48 27 47 127 51 50 28 79 57 15 31 46 60 53 32
300 15
58 35 74 35 53 58 18 52 65 32 46 18 19 47 75
300 15
59 28 63 89 34 80 39 33 101 28 58 23 23 29 74
300 15
33 21 38 52 44 87 16 29 38 30 54 39 55 50 78
300 15
76 52 30 38 36 41 41 52 64 55 96 51 29 32 37
300 15
39 38 21 94 100 53 39 34 43 40 39 56 31 40 31
300 15
77 116 24 61 48 43 59 62 83 83 55 88 49 20 55
300 15
44 24 64 47 28 34 42 38 60 88 44 29 45 33 52
300 15
31 19 60 63 56 60 29 70 31 47 30 29 55 81 61
300 15
56 66 42 38 57 65 24 64 56 30 18 46 98 65 43
300 15
56 84 45 56 37 36 73 66 39 17 57 40 50 28 89
300 15
39 79 67 30 17 47 65 74 57 53 60 32 55 33 45
300 15
36 77 53 63 50 74 36 38 45 40 102 42 29 34 65
300 15
30 65 84 45 85 54 21 28 34 59 64 52 25 22 52
300 15
42 125 55 56 45 15 59 54 23 79 42 134 62 47 67
300 15
38 28 33 42 48 83 50 28 38 57 44 62 34 49 104
300 15
28 50 92 22 34 70 59 36 58 71 98 27 100 92 29
300 15
15 34 30 44 50 67 21 38 56 44 42 80 35 51 49
300 15
54 63 43 44 29 77 35 29 32 43 42 15 76 31 43
300 15
48 77 123 58 51 44 36 34 54 31 49 34 18 57 39
300 15
95 61 94 38 50 26 64 19 89 64 61 47 30 71 24
300 15
50 63 36 51 22 41 75 54 67 59 66 58 41 38 40
300 15
39 37 23 57 57 85 54 53 66 78 66 39 30 63 56
300 15
44 71 29 95 64 92 59 63 12 74 21 55 18 30 87
300 15
22 92 71 14 36 26 46 87 36 40 34 58 83 44 82
300 15
49 48 50 105 102 18 56 38 50 85 69 45 88 38 62
300 15
10 30 60 37 37 23 23 102 41 12 83 15 46 78 28
300 15
62 105 42 21 27 29 75 67 45 84 22 27 45 16 45
300 15
23 30 36 66 49 56 34 60 24 31 42 34 55 34 39
300 15
60 49 18 61 62 33 36 76 92 32 56 41 65 68 24
300 15
62 66 103 59 43 15 73 62 47 33 106 49 9 57 87
300 15
48 56 13 20 19 74 79 62 51 73 50 58 26 42 26
300 15
45 62 29 63 61 75 44 37 22 46 31 36 100 60 39
300 15
55 23 41 48 26 16 32 66 41 30 98 31 53 89 75
300 15
83 65 57 41 53 71 47 72 49 70 23 43 35 54 27
300 15
30 45 50 55 49 75 56 63 58 25 33 31 28 16 39
300 15
23 75 66 44 58 42 27 34 24 110 40 41 85 15 43
300 15
22 37 32 49 30 79 32 32 54 67 23 44 50 30 30
300 15
55 8 19 38 66 24 27 25 81 36 35 87 56 47 43
300 15
45 37 23 55 79 47 103 34 57 14 54 48 92 44 29
300 15
45 55 53 37 62 43 41 33 28 58 59 105 28 17 42
300 15
51 86 22 65 45 73 67 19 36 68 28 66 32 51 50
300 15
71 36 95 37 107 25 49 49 19 38 29 53 81 18 77
300 15
41 61 88 33 57 55 33 27 37 34 90 59 28 20 29
300 15
44 46 48 71 48 21 22 82 29 93 43 26 54 47 46
300 15
47 68 36 84 32 69 39 52 57 42 39 64 94 57 22
300 15
33 54 11 36 23 58 96 65 23 33 49 40 40 59 28
300 15
77 40 106 42 56 59 51 35 33 42 32 30 22 60 24
300 15
24 59 24 69 77 20 51 41 59 43 36 41 39 17 27
300 15
30 69 37 45 24 24 77 44 56 31 93 20 41 77 46
300 15
71 28 22 46 37 40 32 40 65 39 32 39 39 63 77
300 15
115 25 50 48 64 84 67 63 45 81 64 59 28 42 51
300 15
45 64 27 33 58 91 42 73 43 64 23 95 32 79 65
300 15
16 72 49 38 68 33 58 21 83 51 64 75 32 28 19
300 15
41 61 49 79 34 83 61 29 34 56 53 29 42 83 36
300 15
37 45 37 52 14 68 60 36 92 36 100 47 30 59 41
300 15
52 35 60 35 18 33 59 82 108 22 86 90 38 20 32
300 15
39 55 45 85 46 58 53 51 39 62 75 40 47 64 70
300 15
41 45 54 50 49 56 19 53 64 20 19 30 42 28 30
300 15
29 47 40 21 92 58 30 25 33 42 46 39 83 40 45
300 15
54 52 41 12 71 28 49 39 15 56 58 18 29 33 51
300 15
45 70 25 77 79 32 32 39 38 41 31 28 52 15 56
300 15
46 61 45 90 67 57 28 42 83 43 98 42 90 28 46
300 15
27 72 42 100 62 25 41 87 47 38 33 32 62 21 46
300 15
62 110 60 55 77 41 35 55 54 75 49 73 42 67 62
300 15
42 58 50 37 50 18 47 64 40 55 54 37 38 125 53
300 15
24 61 35 28 21 32 34 57 45 61 32 71 20 42 35
300 15
28 43 18 84 87 39 35 54 68 48 28 30 86 85 79
300 15
71 39 21 61 64 33 74 47 22 58 58 45 15 15 31
300 15
92 70 33 85 60 77 38 49 108 10 29 51 59 30 45
300 15
45 27 40 47 38 59 39 96 41 68 62 26 68 30 54
300 15
104 49 38 39 40 60 50 27 42 35 82 50 61 66 38
300 15
35 22 71 75 26 66 24 28 29 114 29 31 32 24 31
300 15
24 38 26 181 62 17 21 34 57 49 100 57 45 45 41
300 15
68 66 37 92 40 18 17 52 21 32 45 42 83 64 29
300 15
18 36 21 8 52 35 22 37 58 56 64 59 30 32 66
300 15
44 25 42 54 69 12 57 54 52 90 42 39 28 48 63
300 15
44 47 60 38 24 28 47 88 40 58 64 15 59 62 32
300 15
65 85 44 39 57 76 28 34 71 43 47 58 22 89 74
300 15
23 16 33 86 44 53 52 60 115 49 89 54 32 38 51
300 15
27 74 35 35 60 36 49 39 58 53 23 24 29 37 34
300 15
27 25 32 84 15 57 21 54 75 20 40 13 39 52 47
300 15
37 29 75 31 82 44 73 65 45 25 46 31 46 70 81
300 15
54 48 46 60 35 58 27 44 17 58 24 46 23 65 24
300 15
40 48 32 29 25 18 69 25 38 75 65 67 101 111 38
300 15
39 30 27 46 77 38 39 49 67 16 17 27 80 41 53
300 15
49 34 16 31 30 64 70 40 53 43 67 67 26 122 27
300 15
57 41 24 78 34 65 27 13 73 35 23 31 29 93 64
300 15
68 51 78 36 28 19 44 30 40 104 31 67 40 88 40
300 15
58 44 62 37 109 50 33 39 37 25 31 55 129 25 49
300 15
35 59 40 77 70 62 34 50 102 77 49 52 32 25 83
300 15
17 60 23 70 33 77 56 39 45 40 36 12 33 17 23
300 15
35 30 16 46 45 31 31 71 40 65 42 33 31 61 44
300 15
70 17 61 48 7 32 55 20 45 33 59 26 57 81 31
300 15
29 77 30 70 65 67 46 73 74 36 28 52 92 19 69
300 15
65 23 51 38 46 48 80 33 41 58 40 60 64 44 24
300 15
62 66 19 27 45 82 61 57 56 113 48 58 19 79 23
300 15
21 71 76 35 48 22 26 44 20 30 80 34 60 21 34
300 15
43 28 63 40 47 15 54 47 96 20 33 53 64 45 46
300 15
33 41 23 56 96 40 20 18 53 35 24 36 43 15 26
300 15
56 63 39 82 39 63 59 52 38 41 56 81 27 44 32
300 15
32 52 64 39 50 40 36 44 22 13 21 23 22 53 49
300 15
30 25 55 76 27 44 44 18 42 67 15 38 7 25 97
300 15
33 45 42 49 57 73 20 80 64 40 31 40 26 84 8
300 15
59 27 32 72 7 65 49 36 60 31 108 42 24 16 41
300 15
14 25 28 66 31 69 31 74 27 29 52 19 8 32 34
300 15
33 18 18 54 14 77 31 14 47 33 34 114 17 41 68
300 15
20 59 66 39 34 61 21 57 28 34 19 41 41 34 39
300 15
48 34 21 43 59 25 76 25 31 26 56 55 19 37 36
300 15
21 12 66 14 92 44 84 31 55 37 70 59 34 65 43
300 15
39 96 20 54 25 33 38 49 48 51 74 25 60 61 30
300 15
18 40 22 25 31 61 16 31 28 18 22 17 55 44 78
300 15
43 25 66 35 64 71 32 104 66 27 21 19 20 71 53
300 15
36 43 51 74 91 10 33 41 29 28 35 35 44 42 22
300 15
72 41 54 91 48 31 33 37 63 48 62 33 26 25 53
300 15
33 84 19 48 32 59 30 68 44 54 33 41 55 31 90
300 15
47 51 54 57 28 28 50 48 24 63 17 37 62 53 36
300 15
88 65 51 25 8 73 38 21 13 50 29 41 50 43 55
300 15
29 38 16 35 37 28 35 25 28 22 47 63 63 54 44
300 15
31 10 55 61 18 31 31 22 15 33 31 67 28 52 39
300 15
36 30 24 37 59 45 67 33 25 47 43 85 19 75 61
300 15
32 38 36 19 34 24 29 28 27 54 15 40 60 31 18
300 15
43 49 35 44 64 78 45 62 19 43 48 35 57 90 30
300 15
8 27 19 38 21 75 39 32 41 56 32 46 54 45 69
300 15
80 41 36 11 31 66 65 48 62 17 18 37 72 17 76
300 15
50 26 90 29 59 43 28 41 79 34 29 26 18 35 57
300 15
51 58 38 44 42 23 51 21 52 33 25 26 15 72 71
300 15
80 28 71 17 85 41 63 61 27 74 75 28 37 13 58
300 15
24 86 76 86 19 34 57 39 50 24 42 33 28 32 74
300 15
23 66 73 53 54 42 22 63 30 59 33 63 123 69 19
300 15
79 43 67 47 89 68 38 52 17 20 36 46 81 29 27
300 15
55 14 64 63 115 69 55 57 58 30 39 26 29 31 20
300 15
46 47 31 39 62 38 15 76 18 33 34 33 23 48 35
300 15
43 44 39 52 14 22 32 52 19 33 49 19 19 53 38
300 15
24 23 85 58 30 65 31 65 33 16 47 26 43 35 26
300 15
25 43 10 105 63 83 18 26 46 51 46 54 64 22 74
300 15
93 81 45 46 48 58 60 61 37 55 24 56 16 41 21
300 15
38 73 45 32 34 45 56 34 48 82 37 72 79 34 32
300 15
44 42 27 33 27 18 114 13 34 26 20 15 70 53 26
300 15
25 29 95 57 41 32 42 47 79 67 80 83 41 28 77
300 15
17 41 19 110 31 15 37 40 72 31 51 31 12 45 58
300 15
22 60 40 87 45 67 37 75 29 55 71 26 135 51 35
300 15
22 45 65 20 39 38 67 48 46 48 91 52 25 100 38
300 15
12 16 19 46 40 17 27 27 42 32 74 25 18 50 34
300 15
21 33 17 50 30 45 40 17 40 46 61 26 51 12 26
300 15
58 33 56 29 22 40 47 53 23 73 26 33 53 40 38
300 15
34 73 27 36 60 29 49 35 35 31 32 29 39 33 41
300 15
44 39 60 23 56 32 35 105 77 28 21 81 45 33 6
300 15
28 46 36 51 30 27 92 45 59 64 47 57 19 75 103
300 15
68 64 11 28 82 40 88 48 37 17 33 40 24 45 45
300 15
63 25 52 46 61 37 34 79 22 68 44 45 19 28 27
300 15
28 69 31 31 36 20 49 42 44 44 56 48 45 26 57
300 15
32 29 30 32 70 20 52 70 40 40 40 39 91 70 49
300 15
40 23 25 71 41 18 38 11 38 49 28 48 85 62 29
300 15
9 11 11 16 40 49 62 101 32 38 40 19 17 30 29
300 15
60 81 9 24 38 58 23 42 33 86 21 31 45 73 26
300 15
23 88 80 40 37 41 66 47 91 21 31 63 48 40 19
300 15
20 47 69 13 54 52 41 55 19 23 46 28 64 28 40
300 15
45 64 28 39 74 29 29 97 61 73 87 42 83 92 39
300 15
12 48 13 28 45 34 67 40 37 34 15 23 73 38 54
300 15
55 76 28 41 62 22 48 41 45 30 50 49 69 57 53
300 15
80 27 38 72 78 27 25 16 20 59 21 79 39 46 35
300 15
16 24 34 46 54 29 32 71 31 100 46 31 27 42 28
300 15
31 26 60 33 23 15 44 35 44 69 24 41 58 42 39
300 15
18 55 42 66 43 43 118 61 45 63 54 68 7 32 60
300 15
27 78 55 60 41 66 33 32 33 33 33 26 48 53 125
300 15
48 35 39 24 36 21 45 59 35 25 16 65 16 18 49
300 15
32 47 28 70 48 78 27 64 78 37 68 48 38 60 42
300 15
33 23 57 45 72 24 29 19 34 27 33 44 15 79 61
300 15
65 16 50 6 46 27 13 50 35 29 28 24 62 104 49
300 15
29 21 43 27 51 47 48 52 19 75 56 48 74 43 11
300 15
53 34 12 54 34 37 52 42 44 117 67 33 16 35 33
300 15
5 23 95 34 20 62 63 37 41 16 10 25 42 49 26
300 15
65 72 35 78 47 51 29 42 59 31 22 67 18 38 30
300 15
60 40 32 41 51 43 69 33 34 21 41 64 114 47 48
300 15
41 29 48 32 39 39 58 46 37 38 45 35 47 44 35
300 15
12 25 65 12 40 17 24 62 70 22 69 30 57 32 50
300 15
21 139 26 56 68 64 25 75 51 23 78 26 55 63 45
300 15
80 46 11 27 18 38 36 27 49 20 63 25 36 43 45
300 15
24 47 66 22 47 65 114 32 34 55 68 35 101 48 77
300 15
30 19 75 37 44 25 48 38 106 31 31 45 51 82 39
300 15
58 34 24 34 14 36 33 46 80 48 35 63 31 32 62
300 15
46 13 45 73 48 52 26 32 26 66 43 45 31 53 35
300 15
19 74 68 33 47 45 49 83 65 58 35 87 40 35 23
300 15
25 32 42 54 38 57 49 42 19 62 69 42 80 54 33
300 15
37 85 86 16 47 101 80 69 50 61 54 79 29 49 46
300 15
74 25 49 28 30 58 59 34 16 37 23 33 11 20 24
300 15
50 31 30 59 47 59 6 49 47 49 28 35 60 43 60
300 15
46 62 46 39 21 71 18 24 33 66 113 103 70 58 35
300 15
52 47 40 62 27 40 34 83 24 53 52 46 88 51 55
300 15
17 40 17 21 19 43 66 44 48 66 34 18 41 47 34
300 15
43 73 42 44 44 35 80 33 81 14 35 109 53 39 33
300 15
71 21 13 37 34 45 33 43 34 53 93 54 72 89 38
300 15
29 55 63 45 48 76 43 65 83 22 86 33 61 50 65
300 15
21 22 72 2 53 45 41 48 8 57 28 22 77 39 61
300 15
53 26 40 27 30 46 56 60 27 26 58 68 43 26 74