1000
300 15
32 57 20 69 41 51 30 11 85 76 106 32 103 55 61
300 15
94 52 33 44 81 32 37 48 48 32 56 105 40 64 65
300 15
44 58 64 21 59 61 111 15 36 32 49 57 17 40 20
300 15
44 51 65 31 46 30 29 55 74 76 30 70 74 36 49
300 15
32 45 55 79 34 81 77 35 86 59 53 47 17 48 93
300 15
43 41 43 111 31 37 26 25 44 108 71 57 26 48 68
300 15
69 47 14 65 28 102 64 80 44 77 31 48 40 79 81
300 15
52 40 50 53 33 17 71 55 30 26 44 31 60 61 74
300 15
47 46 42 36 33 27 38 45 39 63 30 60 34 87 110
300 15
76 42 65 56 47 70 80 66 38 32 43 64 95 40 51
300 15
63 64 75 57 28 85 55 51 34 62 54 59 27 74 42
300 15
67 116 76 33 60 70 66 32 60 96 58 49 68 50 26
300 15
79 33 41 36 46 23 92 49 63 50 28 27 87 73 54
300 15
127 60 73 22 45 25 18 23 55 54 48 25 43 51 47
300 15
32 38 43 52 50 35 48 23 63 66 68 37 66 32 115
300 15
67 54 41 83 56 68 41 36 45 27 36 24 61 42 33
300 15
63 27 97 50 87 74 76 34 27 39 70 88 31 25 42
300 15
52 51 28 67 45 80 56 27 16 50 66 50 98 60 41
300 15
69 39 46 107 33 70 35 28 65 67 49 34 37 34 74
300 15
28 69 61 50 50 19 41 67 52 36 58 46 14 38 66
300 15
43 32 70 66 83 48 20 36 47 77 33 72 64 48 41
300 15
46 14 76 23 32 22 64 37 28 64 85 21 54 37 31
300 15
26 100 75 74 41 56 51 66 60 43 58 44 20 35 53
300 15
35 23 74 52 18 83 59 29 27 21 43 49 52 61 22
300 15
14 41 48 67 43 87 27 46 42 66 52 43 48 41 22
300 15
71 21 19 53 24 47 92 57 24 18 51 69 67 61 45
300 15
37 22 33 34 24 43 83 35 62 68 69 53 63 57 55
300 15
54 27 89 18 68 23 55 33 41 16 34 58 23 60 76
300 15
19 28 24 46 42 29 101 64 38 37 81 44 33 45 32
300 15
44 56 33 34 81 28 29 55 43 83 73 86 22 32 48
300 15
23 74 53 56 44 110 66 95 44 84 43 24 31 69 46
300 15
33 43 66 43 31 86 37 17 68 55 54 29 40 103 72
300 15
36 87 47 56 55 65 85 28 79 40 26 96 41 67 45
300 15
46 17 36 54 39 64 59 36 42 61 18 57 18 90 18
300 15
75 25 21 67 45 52 70 33 31 58 98 47 11 10 19
300 15
21 47 82 45 65 41 56 51 29 16 39 24 42 46 16
300 15
74 32 38 46 62 56 80 21 51 44 42 33 46 14 48
300 15
24 129 37 18 61 77 43 45 30 60 64 53 29 59 72
300 15
57 88 68 45 93 40 55 59 74 40 43 82 49 41 56
300 15
24 63 84 90 32 80 71 18 38 14 32 70 37 42 59
300 15
44 46 61 119 96 30 34 65 21 73 22 42 69 58 42
300 15
22 55 39 40 43 15 38 24 27 34 25 44 39 54 46
300 15
30 22 38 46 37 26 50 54 23 41 30 50 57 15 24
300 15
91 60 77 92 30 33 64 43 46 63 43 57 68 55 24
300 15
52 62 67 32 26 42 63 29 42 39 43 23 57 48 48
300 15
87 48 33 38 36 28 32 49 18 27 34 38 29 53 30
300 15
62 36 28 45 25 84 49 36 55 63 41 27 36 43 34
300 15
52 32 71 21 35 14 22 26 48 42 52 67 86 66 38
300 15
86 27 45 60 30 45 50 71 20 43 25 30 39 13 42
300 15
65 26 123 39 35 54 46 32 74 88 24 47 33 57 42
300 15
23 94 35 24 104 56 58 74 46 23 50 46 35 54 49
300 15
27 74 87 22 19 21 16 47 57 47 35 33 65 49 34
300 15
19 95 36 103 28 52 41 37 43 32 72 86 36 46 103
300 15
65 34 22 42 38 84 102 25 51 94 26 33 96 105 49
300 15
63 34 40 35 45 56 41 37 78 52 88 54 17 32 70
300 15
79 84 36 43 26 61 49 55 57 31 45 82 28 80 35
300 15
44 42 35 82 62 48 25 28 40 53 28 42 109 17 68
300 15
61 52 41 84 46 99 62 40 40 40 35 41 28 63 52
300 15
30 26 90 49 35 45 51 39 34 73 23 17 45 67 99
300 15
84 102 39 125 28 38 103 53 23 57 24 42 44 58 37
300 15
65 44 43 66 46 27 48 38 55 42 37 70 90 33 51
300 15
30 49 63 88 51 42 71 20 64 55 63 55 40 42 17
300 15
25 50 19 37 65 12 60 84 60 95 80 82 101 38 35
300 15
48 74 42 44 59 32 45 39 73 20 82 38 74 40 25
300 15
80 59 14 96 86 63 31 18 8 48 28 61 60 52 55
300 15
60 49 56 41 64 85 48 63 36 43 31 64 45 68 64
300 15
11 112 75 64 23 30 18 37 33 51 20 45 62 50 39
300 15
111 63 66 92 42 67 33 38 21 33 26 30 120 36 56
300 15
48 30 131 53 35 73 33 26 68 35 22 39 60 80 28
300 15
31 153 62 57 26 42 83 83 78 57 64 61 19 50 70
300 15
13 49 26 26 47 34 50 41 63 20 85 46 40 24 40
300 15
46 68 56 73 29 11 14 69 43 38 37 44 51 79 25
300 15
64 46 65 66 61 34 53 70 29 48 57 55 40 55 35
300 15
38 30 60 103 51 27 31 59 85 76 27 45 16 56 31
300 15
28 101 59 33 77 29 84 45 35 26 23 66 10 49 13
300 15
93 23 57 23 31 84 34 41 33 39 67 39 65 57 34
300 15
48 41 56 31 35 46 17 65 44 75 35 24 60 58 96
300 15
79 33 59 66 22 59 43 91 64 27 42 43 28 29 14
300 15
70 37 62 40 40 42 58 46 24 45 50 78 82 41 54
300 15
40 53 55 46 36 35 48 57 19 26 43 33 30 18 58
300 15
50 16 46 71 73 49 13 23 32 43 63 61 28 53 39
300 15
80 37 20 30 88 55 94 34 55 44 40 51 49 27 31
300 15
58 44 33 20 25 80 32 40 53 116 35 58 76 79 53
300 15
59 55 41 24 42 32 105 20 54 26 67 36 54 53 50
300 15
62 62 97 105 41 36 80 53 37 31 26 48 74 50 40
300 15
28 28 93 62 45 60 94 75 37 68 34 18 13 64 56
300 15
43 67 53 29 43 14 55 21 59 39 24 65 66 75 33
300 15
28 32 46 45 39 66 31 68 91 56 85 24 19 29 47
300 15
53 21 48 97 48 32 99 57 18 49 57 60 61 40 25
300 15
56 25 46 50 58 33 49 69 69 31 43 67 23 25 63
300 15
42 47 13 54 66 48 79 47 40 35 38 41 72 41 105
300 15
41 38 44 88 66 34 43 18 51 74 42 40 25 65 60
300 15
57 115 62 26 42 48 55 86 122 83 73 16 63 49 36
300 15
29 80 55 97 57 60 88 41 115 41 44 85 46 66 36
300 15
20 33 56 37 38 59 57 26 68 71 46 24 88 39 59
300 15
68 56 31 39 30 40 60 55 53 33 106 30 54 52 20
300 15
69 55 53 35 33 24 61 50 59 89 74 39 63 29 43
300 15
88 26 24 33 51 52 42 21 100 15 46 154 31 49 92
300 15
74 54 27 25 16 46 53 64 80 17 45 67 53 21 43
300 15
55 31 19 23 32 73 68 44 78 99 40 56 50 56 97
300 15
56 33 23 83 16 52 26 41 20 87 26 17 30 8 32
300 15
31 41 66 24 26 64 68 31 32 49 85 15 80 57 21
300 15
43 74 46 62 36 43 46 57 37 27 55 54 35 54 65
300 15
21 68 44 36 102 42 44 32 50 53 27 41 32 16 95
300 15
19 48 33 58 34 33 28 43 75 43 73 37 85 62 71
300 15
66 15 86 40 40 82 62 17 43 48 78 48 48 27 53
300 15
75 40 38 21 30 41 63 15 112 58 31 30 57 72 32
300 15
41 73 47 37 41 34 57 45 50 33 40 42 78 50 48
300 15
32 29 42 17 97 26 58 33 63 57 42 40 34 60 19
300 15
70 64 44 69 50 51 60 69 47 12 36 78 33 23 47
300 15
49 35 28 51 34 50 25 14 23 51 61 31 28 74 70
300 15
46 65 65 70 38 53 24 49 70 57 36 81 85 65 62
300 15
20 37 46 70 38 42 21 18 78 36 81 58 49 42 35
300 15
42 36 24 31 29 75 53 39 32 51 41 59 68 12 46
300 15
79 65 29 59 62 67 40 22 73 23 50 43 74 52 113
300 15
35 45 55 33 37 41 25 26 33 78 15 27 41 48 20
300 15
51 71 70 21 85 45 88 57 47 58 73 68 57 41 83
300 15
70 20 117 43 88 54 33 49 30 44 32 24 49 68 39
300 15
36 30 34 56 46 29 33 11 70 47 54 23 112 68 63
300 15
61 77 41 47 56 107 33 112 30 66 56 38 33 41 42
300 15
53 46 53 47 79 39 42 116 61 52 62 39 46 45 28
300 15
35 64 70 79 44 59 16 19 74 28 19 36 26 46 10
300 15
42 37 45 40 27 82 49 18 64 66 35 37 106 44 66
300 15
68 59 50 71 33 70 30 68 54 40 57 117 49 35 14
300 15
29 56 46 48 28 57 56 27 33 46 69 34 35 51 16
300 15
13 99 38 19 16 58 40 42 42 121 38 49 105 101 98
300 15
83 117 24 76 60 70 58 69 54 25 28 54 52 25 31
300 15
82 50 57 37 47 59 62 25 28 38 48 20 49 71 38
300 15
35 39 45 39 48 68 98 25 43 39 141 28 53 42 24
300 15
51 42 73 30 58 36 43 40 73 63 55 65 36 42 77
300 15
50 44 38 18 14 17 53 16 53 36 42 51 23 65 30
300 15
54 54 55 38 79 41 47 25 46 62 19 75 28 24 52
300 15
104 26 27 47 60 18 82 40 61 61 54 22 49 32 30
300 15
23 32 68 52 21 125 63 76 40 43 38 45 51 16 80
300 15
27 54 25 121 32 40 85 41 53 18 47 71 65 54 22
300 15
52 87 61 34 14 91 64 91 61 41 12 15 41 27 66
300 15
29 41 95 73 77 67 40 44 48 54 44 45 62 94 38
300 15
34 29 16 73 24 43 39 91 35 16 26 72 113 24 84
300 15
82 81 41 36 39 101 59 54 61 43 22 33 69 103 44
300 15
13 48 41 102 56 71 40 29 36 77 73 13 53 64 32
300 15
53 45 39 30 38 68 21 49 27 37 62 65 69 55 25
300 15
61 73 86 37 30 36 56 56 45 38 24 60 41 42 50
300 15
22 46 46 47 28 36 81 28 49 34 52 52 37 74 75
300 15
39 48 52 61 26 61 93 76 24 57 43 53 11 30 28
300 15
34 50 19 29 14 111 77 65 74 54 6 66 47 33 33
300 15
44 64 46 63 42 39 43 46 76 48 50 50 51 34 43
300 15
66 61 47 65 21 55 44 32 115 23 45 39 40 80 33
300 15
50 74 39 123 44 60 26 37 51 50 31 40 115 56 94
300 15
54 27 53 58 30 48 77 64 82 62 76 37 76 26 14
300 15
31 82 13 54 42 138 89 37 69 43 42 42 38 50 40
300 15
36 35 18 36 54 61 72 36 59 48 80 30 12 48 33
300 15
62 61 38 27 41 31 58 39 83 79 52 68 63 22 84
300 15
41 73 42 49 53 71 11 52 35 21 37 28 20 107 35
300 15
63 74 35 69 62 26 34 82 20 53 29 34 54 50 58
300 15
43 27 89 54 97 42 72 31 40 59 39 57 114 29 64
300 15
24 58 30 28 30 47 83 87 47 53 58 57 55 36 29
300 15
50 23 37 108 20 61 17 37 62 64 27 29 58 40 40
300 15
43 51 28 40 92 39 31 51 99 24 55 59 52 41 21
300 15
28 57 32 30 35 95 44 48 106 48 46 21 39 107 40
300 15
24 68 66 56 50 30 13 45 27 54 64 40 47 66 35
300 15
46 48 58 18 50 71 92 48 117 83 38 19 22 23 58
300 15
46 73 65 46 33 40 80 27 53 22 80 87 66 60 76
300 15
50 44 37 49 71 66 37 37 22 49 29 61 39 71 34
300 15
53 59 32 20 23 19 49 20 49 32 27 15 44 36 32
300 15
30 71 72 48 77 22 36 19 14 79 26 29 38 53 52
300 15
99 19 17 77 28 31 91 48 36 46 52 46 74 20 49
300 15
33 52 18 58 75 28 43 29 77 52 24 20 55 42 44
300 15
13 55 62 28 56 52 48 45 22 37 23 81 31 31 38
300 15
25 46 46 42 27 64 46 85 49 57 36 36 46 71 46
300 15
52 57 26 32 56 62 31 8 44 32 69 28 75 49 27
300 15
29 76 58 17 20 19 74 31 85 47 62 60 34 71 30
300 15
58 80 44 16 68 54 31 34 45 119 26 19 58 46 78
300 15
68 54 14 39 38 38 68 84 61 21 61 24 96 71 36
300 15
71 34 72 48 50 33 59 17 63 51 46 30 54 58 52
300 15
45 46 18 15 32 85 85 53 48 74 34 22 71 68 51
300 15
47 100 28 57 30 19 42 34 28 30 16 33 16 60 26
300 15
101 27 41 35 90 92 23 25 47 48 40 84 18 23 51
300 15
54 28 59 55 63 49 41 107 53 38 39 47 30 63 23
300 15
87 110 27 59 133 63 54 36 38 61 9 61 31 46 63
300 15
48 31 32 74 44 69 81 17 46 58 55 29 89 57 58
300 15
65 49 69 42 85 57 72 57 16 57 61 58 11 61 35
300 15
49 35 13 30 26 10 51 24 51 42 45 67 41 70 39
300 15
68 50 45 32 29 30 17 33 60 39 78 51 17 77 62
300 15
82 35 67 26 27 52 34 35 16 50 56 54 57 40 69
300 15
46 32 79 50 11 34 45 45 36 92 19 80 25 59 34
300 15
23 79 110 68 98 40 46 66 50 74 25 19 47 68 73
300 15
47 24 67 79 40 70 43 57 26 67 67 37 35 40 66
300 15
22 42 35 17 63 62 25 111 25 37 81 27 24 47 33
300 15
46 67 80 37 18 69 68 46 44 50 25 53 21 20 38
300 15
48 37 29 24 87 65 36 74 30 59 61 40 44 44 55
300 15
26 54 66 25 86 28 68 33 62 32 78 28 82 101 104
300 15
58 64 50 64 83 24 29 22 49 26 34 59 94 83 54
300 15
31 54 18 74 29 42 45 43 43 61 62 34 26 49 31
300 15
54 93 130 60 89 59 54 41 103 60 53 47 53 110 62
300 15
70 109 71 43 48 49 54 11 24 47 27 43 53 56 27
300 15
48 44 24 73 47 34 38 90 35 74 69 33 16 104 45
300 15
48 40 25 22 39 35 27 35 39 38 45 52 43 75 23
300 15
68 46 43 36 112 63 53 50 54 30 37 38 21 36 41
300 15
108 31 50 40 40 58 82 119 33 30 24 22 23 53 32
300 15
28 10 21 58 79 72 106 53 59 58 39 18 50 43 29
300 15
40 78 57 49 25 66 60 28 35 74 25 85 22 49 66
300 15
89 34 101 68 60 36 27 81 42 47 62 66 37 51 63
300 15
31 68 76 45 20 89 47 46 31 47 89 50 18 58 13
300 15
63 42 40 47 45 56 21 32 47 57 85 83 41 33 50
300 15
46 20 40 59 65 26 18 27 44 62 19 34 43 71 37
300 15
21 27 32 36 82 54 19 9 24 21 30 59 30 27 19
300 15
32 52 36 69 112 120 54 68 61 66 76 56 36 24 34
300 15
42 52 93 43 44 36 99 6 52 30 65 52 78 37 77
300 15
71 39 16 51 83 38 22 27 30 67 96 59 32 21 43
300 15
41 45 35 62 81 42 45 43 46 55 28 66 43 75 42
300 15
92 29 51 57 38 108 52 26 100 37 25 33 50 52 89
300 15
34 40 21 89 60 10 60 36 54 59 37 52 76 61 57
300 15
31 43 48 24 29 26 26 23 88 54 27 54 61 41 69
300 15
33 23 57 18 27 20 20 43 26 45 59 54 33 21 125
300 15
66 60 86 55 43 56 29 28 29 20 30 39 97 54 26
300 15
47 21 29 53 42 40 35 48 72 46 53 49 96 37 18
300 15
41 42 8 49 51 40 50 24 64 16 17 27 40 27 84
300 15
38 89 103 44 61 52 16 46 50 16 32 39 57 30 44
300 15
42 34 53 60 52 44 53 33 46 21 54 50 26 37 60
300 15
13 52 35 52 48 18 32 17 64 39 42 47 90 91 51
300 15
49 38 21 38 20 23 27 20 72 42 27 94 81 33 80
300 15
45 33 65 31 66 48 72 40 97 43 89 40 46 34 41
300 15
72 37 66 31 32 80 52 56 39 31 35 41 66 68 54
300 15
34 41 29 11 64 41 89 57 30 33 57 32 54 46 53
300 15
52 35 108 43 39 23 43 28 32 28 21 25 65 73 27
300 15
24 35 31 63 21 69 61 37 17 38 69 56 25 21 28
300 15
31 65 14 49 43 48 50 82 20 22 67 82 72 14 82
300 15
19 17 51 13 54 44 42 72 50 39 23 49 57 11 24
300 15
41 21 27 110 31 99 61 48 21 32 34 63 51 67 50
300 15
45 101 78 53 48 41 38 52 71 38 33 68 69 42 57
300 15
19 24 30 58 35 23 30 30 41 85 37 41 48 21 59
300 15
56 37 72 62 64 21 49 70 75 33 54 36 35 101 56
300 15
26 78 52 65 36 74 93 9 112 31 50 43 34 55 29
300 15
16 66 18 25 95 47 45 27 88 42 32 48 66 25 60
300 15
64 86 72 102 92 69 22 20 50 46 64 55 38 29 43
300 15
61 37 56 27 67 51 71 45 46 37 33 31 23 23 49
300 15
16 65 28 56 40 40 21 42 55 91 39 39 33 98 29
300 15
32 63 36 55 66 54 18 43 71 25 20 39 42 58 70
300 15
46 18 87 30 47 57 32 35 21 35 79 49 62 86 64
300 15
34 34 19 45 45 31 70 49 41 48 51 108 44 21 51
300 15
55 121 34 66 55 58 38 47 71 49 57 41 47 78 57
300 15
34 41 34 121 30 72 60 42 80 25 16 64 45 46 46
300 15
81 68 38 27 82 19 28 38 42 44 53 48 52 18 35
300 15
39 56 46 58 66 38 45 94 57 56 54 41 70 49 68
300 15
55 63 59 46 23 46 65 68 76 37 29 51 26 14 63
300 15
24 94 75 22 43 51 34 45 43 37 18 86 42 32 54
300 15
48 53 100 54 65 39 42 45 43 110 24 78 60 16 43
300 15
40 90 31 51 59 44 118 36 49 53 74 68 35 116 40
300 15
37 47 30 55 30 89 66 32 22 74 51 31 57 85 39
300 15
43 66 88 27 38 60 84 61 23 59 36 30 94 32 9
300 15
61 60 148 58 36 42 26 51 104 25 100 39 18 55 73
300 15
41 37 71 33 32 19 13 27 68 60 82 47 41 30 48
300 15
55 18 79 58 30 45 80 54 51 21 34 33 59 35 100
300 15
21 59 89 47 50 45 35 41 102 58 51 46 17 32 32
300 15
105 52 46 57 82 46 39 51 45 82 44 67 29 33 109
300 15
33 13 35 38 31 79 53 38 14 70 26 48 40 31 40
300 15
46 64 62 82 70 51 36 43 49 63 28 56 53 37 37
300 15
55 20 51 23 48 29 39 38 45 100 33 26 31 95 45
300 15
45 74 59 64 68 46 54 119 22 33 22 47 54 56 45
300 15
54 47 25 95 58 64 42 78 32 33 31 42 58 32 69
300 15
54 64 76 43 42 87 84 37 66 50 18 63 48 36 39
300 15
62 24 26 88 20 53 42 78 47 56 69 34 123 28 71
300 15
34 16 32 8 52 62 56 44 79 42 74 57 63 51 58
300 15
55 35 20 73 39 59 31 63 19 54 53 46 47 42 49
300 15
21 67 40 45 68 42 57 76 17 45 24 22 27 29 23
300 15
20 59 35 41 101 85 46 65 36 69 20 56 50 51 21
300 15
31 57 57 19 30 62 33 51 51 48 36 27 63 57 41
300 15
85 17 34 34 30 61 17 33 36 30 91 39 53 45 59
300 15
93 76 49 18 54 11 53 36 33 43 37 64 38 26 40
300 15
78 13 72 35 16 53 27 54 79 30 42 27 26 6 75
300 15
48 43 27 32 54 23 44 48 36 33 21 56 44 55 51
300 15
59 90 37 29 75 63 72 64 44 33 70 44 69 24 30
300 15
31 44 57 44 46 23 85 14 50 64 71 58 50 64 29
300 15
43 55 68 44 73 62 33 46 85 69 59 101 32 57 97
300 15
90 103 56 46 47 19 66 61 56 80 75 57 31 61 64
300 15
38 41 59 76 47 58 52 43 23 45 27 42 36 65 42
300 15
83 47 44 82 62 37 47 70 44 54 118 33 65 64 69
300 15
53 66 47 77 81 40 21 73 35 41 43 49 38 41 91
300 15
58 14 62 8 51 36 44 112 37 67 40 37 35 71 35
300 15
69 55 68 94 38 28 48 23 38 66 82 51 29 42 37
300 15
36 16 39 66 35 4 41 38 56 22 35 54 82 30 53
300 15
69 61 59 10 71 73 29 62 56 63 22 30 66 57 55
300 15
64 66 83 20 31 36 24 41 52 45 92 26 37 69 15
300 15
43 42 27 11 38 30 43 47 73 73 59 62 45 31 62
300 15
38 84 41 44 55 65 39 50 34 24 35 50 56 53 74
300 15
38 45 47 61 36 43 36 23 52 44 53 47 40 15 52
300 15
43 12 61 41 80 37 31 119 41 67 21 49 57 35 19
300 15
38 19 68 55 21 40 47 91 41 63 22 77 58 21 78
300 15
36 37 77 25 48 41 38 25 29 71 62 34 54 33 47
300 15
65 28 54 95 85 73 39 50 26 40 46 53 79 54 42
300 15
80 69 45 57 81 71 66 55 73 72 44 66 80 52 30
300 15
12 47 34 47 49 47 75 58 103 32 36 47 20 12 17
300 15
37 92 58 71 65 80 38 55 34 67 26 32 39 23 41
300 15
39 36 58 32 41 42 61 93 62 22 78 49 73 65 36
300 15
25 23 68 18 61 40 55 18 39 84 31 51 74 54 26
300 15
34 53 31 54 25 77 43 63 47 28 86 63 72 48 37
300 15
15 28 46 38 40 67 124 65 68 46 106 58 54 38 72
300 15
55 44 29 41 123 27 24 124 92 37 69 58 53 69 32
300 15
16 36 28 59 76 95 35 22 52 80 93 39 108 84 164
300 15
81 11 33 70 48 65 31 71 42 99 111 40 31 40 16
300 15
53 90 71 35 77 41 27 17 57 43 124 31 36 64 54
300 15
30 87 25 88 64 73 64 61 45 28 23 30 56 55 92
300 15
57 66 69 25 41 67 66 32 78 74 50 90 50 78 70
300 15
51 53 31 92 55 70 52 31 43 70 51 28 41 36 75
300 15
95 94 36 29 30 32 42 48 43 38 55 31 46 53 26
300 15
27 63 45 56 43 26 36 37 32 95 38 49 52 51 119
300 15
34 36 24 43 44 52 82 88 36 16 66 23 39 34 23
300 15
42 38 65 47 15 37 42 13 77 23 61 60 62 25 51
300 15
70 68 42 16 79 30 42 53 44 33 77 51 27 96 34
300 15
57 22 69 40 42 41 65 72 41 41 79 65 46 23 34
300 15
81 64 33 44 62 50 56 60 45 95 74 51 44 74 75
300 15
120 64 86 97 41 51 48 38 60 42 51 75 45 64 67
300 15
35 31 60 25 78 73 83 57 76 57 25 26 115 73 63
300 15
32 57 39 46 46 53 72 76 73 113 40 58 35 26 34
300 15
37 62 46 44 17 52 83 36 75 33 60 27 23 36 48
300 15
47 12 42 23 70 82 68 33 30 62 29 30 39 44 39
300 15
43 15 75 49 34 34 52 62 67 25 73 65 55 53 52
300 15
63 63 23 40 30 22 46 40 36 42 10 34 28 81 101
300 15
45 26 35 71 39 42 40 38 26 36 18 54 65 65 90
300 15
30 40 67 28 46 72 27 30 55 35 79 62 50 38 65
300 15
34 42 26 44 36 40 31 66 98 46 88 40 34 30 37
300 15
61 22 86 62 32 116 52 57 54 56 112 50 37 36 50
300 15
68 42 95 30 28 41 23 42 21 43 56 53 24 45 39
300 15
17 35 58 117 36 59 40 17 62 103 49 50 35 25 67
300 15
58 38 36 15 57 57 40 52 47 28 52 36 70 26 29
300 15
87 76 65 17 60 55 108 38 33 5 45 43 111 54 84
300 15
37 57 52 30 67 24 108 52 32 28 19 44 39 38 88
300 15
33 53 62 54 42 38 53 60 25 70 29 44 47 38 47
300 15
51 87 76 50 42 42 49 49 69 45 92 69 67 64 46
300 15
92 27 47 51 91 39 36 72 72 63 26 55 66 28 58
300 15
42 43 49 77 8 22 38 27 25 41 32 51 67 69 76
300 15
69 43 28 52 55 35 26 23 32 32 62 23 56 33 68
300 15
36 87 49 58 50 68 37 47 37 48 40 53 37 41 26
300 15
91 25 51 27 83 49 83 11 87 18 42 21 41 104 68
300 15
86 64 45 31 20 34 20 37 63 12 29 80 31 23 75
300 15
49 50 37 40 49 83 29 23 64 9 100 76 9 36 49
300 15
47 84 67 54 13 46 49 60 49 38 36 32 73 18 67
300 15
36 98 55 35 60 17 37 42 70 16 53 45 35 76 16
300 15
41 40 77 40 68 45 27 16 60 45 60 72 46 57 48
300 15
51 38 22 51 37 56 48 44 25 85 78 22 48 87 42
300 15
46 41 22 46 38 25 66 25 51 59 38 83 53 36 57
300 15
40 63 37 71 49 53 47 23 60 40 69 39 78 67 105
300 15
37 91 36 64 62 55 73 78 56 21 47 44 22 40 36
300 15
48 73 54 54 23 56 17 42 99 53 56 39 47 79 33
300 15
56 57 67 15 56 33 30 34 39 64 30 39 50 83 69
300 15
44 69 38 66 61 38 62 21 69 35 53 61 35 52 51
300 15
41 21 31 61 136 65 36 33 23 29 92 44 67 63 39
300 15
33 83 47 32 45 61 31 83 75 44 72 49 34 36 21
300 15
30 86 66 13 49 56 24 59 75 43 47 51 59 32 66
300 15
71 52 76 50 32 40 42 51 52 82 29 54 37 19 78
300 15
73 80 80 42 92 92 55 37 63 42 45 64 57 79 13
300 15
30 27 32 26 57 47 36 77 47 107 32 48 51 38 83
300 15
90 74 97 53 81 76 55 75 56 44 55 73 69 23 63
300 15
35 70 73 48 44 11 33 45 60 23 24 60 74 97 47
300 15
132 77 40 28 71 28 54 52 108 11 60 62 31 18 53
300 15
27 55 47 56 56 36 78 52 54 53 58 77 98 39 30
300 15
108 51 67 65 86 77 61 17 45 50 67 63 46 36 55
300 15
49 31 28 59 18 47 48 25 26 53 18 53 58 32 38
300 15
85 28 67 52 46 64 46 39 87 8 38 40 62 48 68
300 15
52 51 111 77 45 32 34 74 17 58 46 30 66 68 13
300 15
53 144 29 124 29 51 46 41 17 44 34 75 50 64 34
300 15
77 59 56 84 75 70 80 56 80 51 39 88 32 36 82
300 15
51 34 31 37 34 53 74 35 61 28 21 25 24 36 60
300 15
32 46 66 57 48 42 9 40 28 41 70 120 54 23 20
300 15
48 100 46 37 26 47 75 79 25 49 84 61 64 18 38
300 15
107 123 89 52 47 33 27 30 55 66 27 16 54 35 57
300 15
16 62 48 63 46 43 41 48 53 53 46 35 89 23 61
300 15
30 79 61 86 31 78 82 10 35 117 11 80 97 59 38
300 15
21 73 32 48 29 24 9 24 74 51 40 47 51 78 101
300 15
44 63 88 14 45 46 82 42 44 35 50 107 42 46 70
300 15
100 42 49 86 35 10 77 73 47 61 109 40 31 34 41
300 15
49 29 27 40 57 50 19 55 20 43 113 53 31 91 38
300 15
68 36 55 71 40 41 44 48 14 53 35 75 41 102 16
300 15
43 25 40 32 90 14 43 51 45 71 35 41 44 66 69
300 15
50 37 57 75 16 68 67 23 48 37 102 66 41 34 17
300 15
68 55 38 61 34 60 15 43 65 42 51 23 40 39 37
300 15
53 28 35 84 32 37 65 31 34 37 61 44 35 46 22
300 15
75 55 38 61 41 57 55 13 75 77 18 46 27 74 35
300 15
42 25 54 54 53 26 51 58 47 49 59 103 56 56 67
300 15
32 82 30 73 53 45 24 24 70 28 43 55 34 47 59
300 15
35 41 37 57 46 18 33 31 30 88 51 46 33 32 59
300 15
47 53 48 58 21 62 34 34 51 95 39 111 55 64 53
300 15
60 61 32 71 41 38 19 32 22 29 101 83 30 35 26
300 15
47 72 28 55 48 67 20 91 31 45 33 44 79 36 51
300 15
43 30 50 43 41 43 49 65 57 29 91 54 31 50 51
300 15
22 52 27 85 58 50 10 71 31 91 28 31 80 75 64
300 15
81 49 47 74 56 48 58 41 88 106 76 52 62 29 31
300 15
86 30 32 13 55 21 37 31 48 70 52 37 17 43 61
300 15
88 59 35 34 56 60 34 49 42 23 23 65 33 28 59
300 15
78 22 76 45 46 57 59 79 61 25 73 38 71 21 11
300 15
27 126 62 41 62 59 84 36 32 62 69 48 55 74 17
300 15
81 22 44 45 99 61 76 53 14 58 30 23 51 53 95
300 15
49 50 53 43 63 67 24 61 24 25 56 115 52 73 26
300 15
19 29 74 56 27 47 53 59 33 9 82 63 55 44 55
300 15
30 18 72 67 28 67 48 47 34 38 28 75 47 87 39
300 15
58 60 33 82 25 41 24 35 52 47 42 53 69 29 42
300 15
95 23 80 68 52 71 36 49 51 36 52 56 83 85 54
300 15
85 45 72 31 34 101 36 27 72 74 35 40 48 64 64
300 15
81 41 45 36 40 67 38 58 20 118 26 53 57 80 20
300 15
119 76 15 35 23 109 45 46 73 58 36 28 24 66 49
300 15
42 78 19 31 65 75 50 19 64 46 40 26 64 23 33
300 15
52 51 26 46 84 48 48 35 47 20 57 68 34 20 121
300 15
77 50 91 33 53 15 94 59 40 54 75 40 59 25 90
300 15
78 62 53 39 56 38 52 42 96 42 55 49 83 60 40
300 15
42 25 60 65 53 74 44 55 46 84 92 55 60 40 34
300 15
71 66 74 31 27 38 75 41 29 90 67 42 80 72 60
300 15
49 46 70 33 34 47 32 53 88 42 36 22 41 45 40
300 15
16 27 13 32 25 53 12 53 58 42 40 68 56 24 74
300 15
31 67 48 54 54 66 16 56 27 39 49 43 32 29 46
300 15
77 71 34 53 17 52 38 49 19 49 38 20 22 37 22
300 15
61 15 39 50 61 84 60 41 74 37 48 38 42 56 45
300 15
37 19 35 75 37 49 88 16 36 79 39 52 21 60 58
300 15
54 74 36 48 33 49 25 29 36 34 74 21 31 58 59
300 15
49 81 50 85 78 40 34 30 59 74 65 30 48 32 81
300 15
69 30 70 15 44 60 62 46 26 18 39 39 82 37 87
300 15
51 45 31 28 60 64 36 66 78 36 27 76 47 60 84
300 15
60 79 56 26 41 18 41 73 71 19 45 45 80 50 20
300 15
40 30 77 35 32 57 55 63 38 48 75 45 30 63 56
300 15
81 61 15 37 90 37 74 77 105 35 82 68 21 22 39
300 15
38 43 84 58 38 44 35 106 93 50 44 21 33 57 33
300 15
26 14 40 33 34 54 80 39 39 85 89 47 32 31 36
300 15
84 62 49 30 31 19 49 49 51 56 59 53 33 24 73
300 15
78 27 51 42 55 40 34 50 50 66 40 27 52 69 67
300 15
65 54 26 48 35 47 28 35 36 54 47 26 32 46 15
300 15
45 68 74 42 52 21 43 31 37 46 45 46 27 44 61
300 15
31 52 79 35 74 30 53 35 46 41 39 20 71 47 10
300 15
69 59 49 62 58 41 30 22 42 26 58 36 22 64 24
300 15
74 70 48 117 32 99 53 13 30 19 91 31 23 110 26
300 15
27 51 72 29 22 81 76 67 33 39 33 66 30 32 45
300 15
42 86 130 36 101 21 28 57 29 49 51 32 37 65 83
300 15
15 40 23 47 41 44 76 15 32 61 27 43 31 75 21
300 15
26 54 70 60 67 35 43 52 53 52 37 59 30 59 60
300 15
72 50 62 68 81 80 39 73 15 47 33 68 37 29 56
300 15
32 46 32 22 49 57 49 49 46 46 40 79 45 55 29
300 15
29 25 53 16 79 44 40 44 68 67 50 63 33 46 30
300 15
40 65 47 32 44 43 50 21 60 20 40 141 45 75 40
300 15
50 21 14 58 57 62 59 35 89 59 27 71 62 78 15
300 15
36 73 24 59 37 63 28 28 65 11 56 8 30 51 74
300 15
38 92 48 37 32 36 40 45 36 37 80 29 24 33 83
300 15
53 41 19 28 71 69 23 101 70 33 42 51 24 86 70
300 15
34 112 45 36 19 65 41 62 49 65 57 29 43 74 70
300 15
54 70 65 65 62 27 27 19 20 27 62 19 45 93 69
300 15
46 59 85 60 67 35 49 65 40 47 8 22 27 27 34
300 15
26 59 17 34 39 87 39 42 79 60 57 97 47 36 25
300 15
11 62 48 41 55 28 43 43 37 79 50 54 54 26 25
300 15
98 33 56 46 72 30 60 49 33 45 49 102 96 63 32
300 15
57 87 50 58 57 61 79 71 100 67 76 31 38 27 21
300 15
43 81 28 21 87 119 36 68 11 41 38 20 53 21 38
300 15
18 31 51 80 16 23 51 42 59 26 56 66 39 106 38
300 15
23 34 92 55 48 59 15 60 49 85 51 52 34 46 22
300 15
49 85 62 64 68 21 17 55 79 49 34 29 54 57 55
300 15
56 38 49 58 128 28 39 43 56 96 69 55 84 65 12
300 15
44 49 38 19 38 53 53 82 49 47 92 54 27 94 42
300 15
16 48 24 51 63 39 40 46 57 43 63 36 36 52 41
300 15
118 64 50 13 31 69 78 22 76 28 35 40 65 69 73
300 15
30 57 26 32 59 80 39 87 39 41 54 11 65 35 45
300 15
76 37 38 35 31 35 24 47 26 58 56 48 40 59 41
300 15
62 34 36 32 42 61 44 44 35 36 39 72 54 25 31
300 15
46 84 71 47 41 47 56 34 37 73 80 75 36 55 60
300 15
28 83 36 15 27 61 53 52 50 56 48 51 24 22 30
300 15
53 57 68 30 31 83 32 40 64 27 22 18 75 39 40
300 15
26 22 59 18 58 41 83 105 44 43 112 37 39 80 76
300 15
49 76 67 49 29 56 50 88 53 82 57 47 29 48 26
300 15
37 83 73 65 57 53 76 112 41 38 60 42 35 106 38
300 15
41 50 46 35 36 51 22 66 27 29 68 48 30 64 35
300 15
32 37 41 67 57 24 33 56 23 53 72 86 171 19 54
300 15
52 22 23 71 13 43 27 52 56 63 54 39 80 49 52
300 15
42 85 50 71 30 111 44 43 56 70 54 31 66 34 41
300 15
36 106 36 22 109 50 33 65 44 47 49 48 31 75 55
300 15
25 36 40 51 55 69 33 33 16 24 27 40 63 47 40
300 15
57 26 22 57 41 29 79 101 57 62 31 30 58 70 37
300 15
57 29 51 82 33 70 45 77 19 40 31 73 56 33 54
300 15
45 111 34 51 53 52 106 51 100 63 116 101 84 55 24
300 15
67 52 56 25 72 80 72 27 41 88 70 109 73 31 61
300 15
53 41 43 78 31 58 29 108 56 11 67 47 35 34 23
300 15
33 64 25 36 64 22 21 44 49 63 40 31 49 25 21
300 15
68 52 47 75 76 61 12 24 61 75 50 46 50 45 35
300 15
69 56 39 101 41 78 81 25 67 60 25 32 11 69 109
300 15
76 38 60 44 17 91 48 44 10 75 27 86 79 67 59
300 15
59 22 47 28 67 58 84 77 58 70 34 42 67 71 64
300 15
30 112 45 115 94 35 38 42 65 44 22 67 45 14 44
300 15
55 32 43 53 64 32 45 95 36 32 20 76 52 79 42
300 15
63 68 31 64 69 77 45 50 99 72 59 32 76 16 111
300 15
50 27 10 31 36 60 72 59 62 40 66 41 63 31 34
300 15
54 60 49 62 25 84 47 45 41 11 57 17 31 68 35
300 15
73 29 80 34 51 33 31 58 45 65 29 46 24 45 60
300 15
26 41 69 107 94 39 93 31 97 12 85 42 40 54 37
300 15
20 44 76 44 24 56 47 73 60 103 41 70 53 31 70
300 15
59 28 61 63 14 32 36 79 45 60 69 20 16 76 66
300 15
69 24 34 92 83 39 15 62 44 137 63 46 66 51 8
300 15
66 67 52 49 74 45 95 65 147 48 48 40 35 91 19
300 15
70 44 101 38 47 39 48 27 47 127 51 50 28 79 57
300 15
15 31 46 60 53 32 58 35 74 35 53 58 18 52 65
300 15
32 46 18 19 47 75 59 28 63 89 34 80 39 33 101
300 15
28 58 23 23 29 74 33 21 38 52 44 87 16 29 38
300 15
30 54 39 55 50 78 76 52 30 38 36 41 41 52 64
300 15
55 96 51 29 32 37 39 38 21 94 100 53 39 34 43
300 15
40 39 56 31 40 31 77 116 24 61 48 43 59 62 83
300 15
83 55 88 49 20 55 44 24 64 47 28 34 42 38 60
300 15
88 44 29 45 33 52 31 19 60 63 56 60 29 70 31
300 15
47 30 29 55 81 61 56 66 42 38 57 65 24 64 56
300 15
30 18 46 98 65 43 56 84 45 56 37 36 73 66 39
300 15
17 57 40 50 28 89 39 79 67 30 17 47 65 74 57
300 15
53 60 32 55 33 45 36 77 53 63 50 74 36 38 45
300 15
40 102 42 29 34 65 30 65 84 45 85 54 21 28 34
300 15
59 64 52 25 22 52 42 125 55 56 45 15 59 54 23
300 15
79 42 134 62 47 67 38 28 33 42 48 83 50 28 38
300 15
57 44 62 34 49 104 28 50 92 22 34 70 59 36 58
300 15
71 98 27 100 92 29 15 34 30 44 50 67 21 38 56
300 15
44 42 80 35 51 49 54 63 43 44 29 77 35 29 32
300 15
43 42 15 76 31 43 48 77 123 58 51 44 36 34 54
300 15
31 49 34 18 57 39 95 61 94 38 50 26 64 19 89
300 15
64 61 47 30 71 24 50 63 36 51 22 41 75 54 67
300 15
59 66 58 41 38 40 39 37 23 57 57 85 54 53 66
300 15
78 66 39 30 63 56 44 71 29 95 64 92 59 63 12
300 15
74 21 55 18 30 87 22 92 71 14 36 26 46 87 36
300 15
40 34 58 83 44 82 49 48 50 105 102 18 56 38 50
300 15
85 69 45 88 38 62 10 30 60 37 37 23 23 102 41
300 15
12 83 15 46 78 28 62 105 42 21 27 29 75 67 45
300 15
84 22 27 45 16 45 23 30 36 66 49 56 34 60 24
300 15
31 42 34 55 34 39 60 49 18 61 62 33 36 76 92
300 15
32 56 41 65 68 24 62 66 103 59 43 15 73 62 47
300 15
33 106 49 9 57 87 48 56 13 20 19 74 79 62 51
300 15
73 50 58 26 42 26 45 62 29 63 61 75 44 37 22
300 15
46 31 36 100 60 39 55 23 41 48 26 16 32 66 41
300 15
30 98 31 53 89 75 83 65 57 41 53 71 47 72 49
300 15
70 23 43 35 54 27 30 45 50 55 49 75 56 63 58
300 15
25 33 31 28 16 39 23 75 66 44 58 42 27 34 24
300 15
110 40 41 85 15 43 22 37 32 49 30 79 32 32 54
300 15
67 23 44 50 30 30 55 8 19 38 66 24 27 25 81
300 15
36 35 87 56 47 43 45 37 23 55 79 47 103 34 57
300 15
14 54 48 92 44 29 45 55 53 37 62 43 41 33 28
300 15
58 59 105 28 17 42 51 86 22 65 45 73 67 19 36
300 15
68 28 66 32 51 50 71 36 95 37 107 25 49 49 19
300 15
38 29 53 81 18 77 41 61 88 33 57 55 33 27 37
300 15
34 90 59 28 20 29 44 46 48 71 48 21 22 82 29
300 15
93 43 26 54 47 46 47 68 36 84 32 69 39 52 57
300 15
42 39 64 94 57 22 33 54 11 36 23 58 96 65 23
300 15
33 49 40 40 59 28 77 40 106 42 56 59 51 35 33
300 15
42 32 30 22 60 24 24 59 24 69 77 20 51 41 59
300 15
43 36 41 39 17 27 30 69 37 45 24 24 77 44 56
300 15
31 93 20 41 77 46 71 28 22 46 37 40 32 40 65
300 15
39 32 39 39 63 77 115 25 50 48 64 84 67 63 45
300 15
81 64 59 28 42 51 45 64 27 33 58 91 42 73 43
300 15
64 23 95 32 79 65 16 72 49 38 68 33 58 21 83
300 15
51 64 75 32 28 19 41 61 49 79 34 83 61 29 34
300 15
56 53 29 42 83 36 37 45 37 52 14 68 60 36 92
300 15
36 100 47 30 59 41 52 35 60 35 18 33 59 82 108
300 15
22 86 90 38 20 32 39 55 45 85 46 58 53 51 39
300 15
62 75 40 47 64 70 41 45 54 50 49 56 19 53 64
300 15
20 19 30 42 28 30 29 47 40 21 92 58 30 25 33
300 15
42 46 39 83 40 45 54 52 41 12 71 28 49 39 15
300 15
56 58 18 29 33 51 45 70 25 77 79 32 32 39 38
300 15
41 31 28 52 15 56 46 61 45 90 67 57 28 42 83
300 15
43 98 42 90 28 46 27 72 42 100 62 25 41 87 47
300 15
38 33 32 62 21 46 62 110 60 55 77 41 35 55 54
300 15
75 49 73 42 67 62 42 58 50 37 50 18 47 64 40
300 15
55 54 37 38 125 53 24 61 35 28 21 32 34 57 45
300 15
61 32 71 20 42 35 28 43 18 84 87 39 35 54 68
300 15
48 28 30 86 85 79 71 39 21 61 64 33 74 47 22
300 15
58 58 45 15 15 31 92 70 33 85 60 77 38 49 108
300 15
10 29 51 59 30 45 45 27 40 47 38 59 39 96 41
300 15
68 62 26 68 30 54 104 49 38 39 40 60 50 27 42
300 15
35 82 50 61 66 38 35 22 71 75 26 66 24 28 29
300 15
114 29 31 32 24 31 24 38 26 181 62 17 21 34 57
300 15
49 100 57 45 45 41 68 66 37 92 40 18 17 52 21
300 15
32 45 42 83 64 29 18 36 21 8 52 35 22 37 58
300 15
56 64 59 30 32 66 44 25 42 54 69 12 57 54 52
300 15
90 42 39 28 48 63 44 47 60 38 24 28 47 88 40
300 15
58 64 15 59 62 32 65 85 44 39 57 76 28 34 71
300 15
43 47 58 22 89 74 23 16 33 86 44 53 52 60 115
300 15
49 89 54 32 38 51 27 74 35 35 60 36 49 39 58
300 15
53 23 24 29 37 34 27 25 32 84 15 57 21 54 75
300 15
20 40 13 39 52 47 37 29 75 31 82 44 73 65 45
300 15
25 46 31 46 70 81 54 48 46 60 35 58 27 44 17
300 15
58 24 46 23 65 24 40 48 32 29 25 18 69 25 38
300 15
75 65 67 101 111 38 39 30 27 46 77 38 39 49 67
300 15
16 17 27 80 41 53 54 39 19 35 34 70 75 44 58
300 15
48 73 73 30 128 31 63 46 26 28 84 38 71 31 15
300 15
79 39 26 35 33 99 69 74 56 84 40 32 22 49 35
300 15
44 110 36 73 45 94 45 63 49 68 42 115 55 37 44
300 15
42 29 35 60 135 29 54 39 65 44 83 76 67 39 55
300 15
109 83 54 57 36 29 89 20 65 27 76 37 83 61 44
300 15
50 45 41 14 37 20 27 40 34 19 51 50 35 35 77
300 15
45 71 47 38 35 66 49 76 20 67 53 9 37 60 23
300 15
50 37 65 29 62 87 35 33 83 34 76 71 73 51 79
300 15
80 41 32 57 98 22 75 71 27 56 43 51 53 87 38
300 15
46 63 45 65 69 49 28 68 72 23 31 50 88 66 63
300 15
62 119 53 63 22 85 26 25 76 82 40 53 26 30 49
300 15
23 35 86 38 66 25 38 48 32 69 44 52 18 59 52
300 15
102 23 37 58 70 50 51 38 46 27 61 102 45 24 21
300 15
58 40 28 40 48 18 30 61 69 44 88 44 68 64 57
300 15
43 46 61 87 31 49 36 37 58 70 44 55 44 89 40
300 15
49 25 16 24 27 26 58 54 34 29 61 82 31 49 49
300 15
21 47 72 18 42 9 29 104 37 50 47 54 63 79 23
300 15
86 69 44 35 45 30 90 10 65 31 36 77 9 71 54
300 15
40 66 36 114 47 27 19 46 17 29 32 71 35 75 35
300 15
80 31 33 57 23 10 36 38 37 22 21 59 16 83 35
300 15
17 52 37 39 120 20 46 74 24 65 71 44 38 67 24
300 15
62 32 38 22 45 46 38 43 53 38 24 48 65 28 82
300 15
29 35 30 62 60 22 42 41 25 15 72 17 98 49 90
300 15
36 61 42 76 65 39 71 48 43 102 23 60 29 37 43
300 15
54 53 56 80 28 66 66 34 21 45 26 29 35 66 19
300 15
36 32 21 26 20 60 49 84 48 29 72 40 70 77 36
300 15
110 72 31 25 22 23 77 58 40 48 56 80 97 12 37
300 15
46 34 32 39 39 49 47 26 78 46 59 97 53 35 37
300 15
42 68 53 67 38 30 29 58 37 90 23 54 36 65 34
300 15
74 49 60 37 46 60 36 96 52 57 59 62 32 32 55
300 15
53 28 69 20 41 67 59 41 94 70 57 28 10 78 43
300 15
24 15 55 33 45 55 48 60 33 42 19 39 41 32 39
300 15
28 32 25 52 69 69 59 48 35 12 61 67 21 36 36
300 15
26 18 37 35 73 32 57 44 41 34 28 42 64 50 73
300 15
38 29 52 48 91 22 81 67 36 43 41 23 38 28 33
300 15
33 31 59 18 45 66 35 21 48 54 40 49 70 84 50
300 15
68 22 48 53 39 63 96 34 10 31 23 42 24 81 44
300 15
36 45 62 36 51 59 50 75 86 46 41 13 35 71 71
300 15
53 67 20 22 42 78 20 82 55 29 96 34 64 47 33
300 15
46 85 39 33 30 21 40 63 56 64 43 49 47 27 57
300 15
25 58 38 29 30 18 78 77 87 32 77 20 91 46 68
300 15
67 31 80 81 32 41 16 64 27 92 82 92 22 39 62
300 15
44 55 28 46 38 32 37 80 26 72 79 58 60 47 25
300 15
68 34 64 38 68 129 75 22 85 48 73 52 95 74 43
300 15
57 20 23 41 51 87 33 31 60 17 70 69 121 75 60
300 15
63 63 34 44 29 33 35 23 51 53 35 44 67 42 18
300 15
82 21 37 38 37 26 53 39 48 49 44 57 17 26 36
300 15
57 22 37 54 22 22 59 42 28 27 91 64 34 71 35
300 15
70 37 19 53 30 48 40 30 29 48 12 111 69 89 21
300 15
29 51 56 51 60 69 25 80 99 87 50 52 53 64 66
300 15
66 42 60 28 62 18 46 25 43 79 50 36 38 50 61
300 15
39 53 88 42 78 85 38 37 48 47 31 37 31 22 120
300 15
15 38 30 23 17 76 58 30 28 33 101 62 45 36 47
300 15
52 85 73 86 89 46 32 83 20 46 22 117 35 17 42
300 15
45 78 35 57 35 14 50 64 25 66 45 94 50 73 42
300 15
81 33 60 77 30 141 56 40 25 50 71 24 44 43 73
300 15
53 51 53 97 58 28 106 42 14 19 22 51 44 20 31
300 15
30 47 37 80 29 21 55 39 24 38 20 55 34 50 45
300 15
20 45 51 67 30 56 14 30 64 38 61 33 26 45 52
300 15
58 26 79 30 37 58 45 43 38 79 30 40 66 33 54
300 15
39 39 36 37 33 44 37 46 49 43 65 27 61 36 39
300 15
111 68 83 32 25 87 50 37 8 31 51 41 57 34 31
300 15
98 50 64 69 52 63 22 81 109 74 70 14 32 88 44
300 15
94 53 41 20 38 45 28 50 50 69 29 58 51 67 41
300 15
38 85 26 74 49 50 22 32 31 32 75 35 36 41 23
300 15
54 47 49 49 61 54 50 30 63 37 33 35 36 76 23
300 15
57 76 45 45 45 43 97 76 54 45 27 28 77 46 21
300 15
43 14 43 54 32 53 91 67 33 11 13 13 19 45 55
300 15
68 107 37 43 44 22 20 34 33 65 87 11 28 42 64
300 15
26 47 37 92 25 35 50 79 30 27 94 86 44 42 46
300 15
72 52 97 24 35 68 53 45 23 23 52 74 15 59 58
300 15
45 61 22 26 51 32 70 32 45 50 69 32 43 80 33
300 15
33 103 66 79 93 47 89 98 44 14 53 16 32 50 39
300 15
73 45 41 39 17 27 79 42 60 60 82 32 46 68 25
300 15
54 46 51 35 56 54 75 62 58 86 31 42 78 84 31
300 15
29 19 24 65 25 85 44 51 39 19 27 38 51 59 33
300 15
36 77 95 36 106 51 35 31 47 32 35 30 65 38 27
300 15
18 49 97 39 49 75 134 28 46 64 47 44 21 61 47
300 15
71 48 48 124 67 50 69 59 74 9 36 66 31 84 61
300 15
65 46 72 37 36 37 37 37 30 53 59 131 53 40 43
300 15
27 41 24 50 65 39 28 19 71 19 22 54 36 129 52
300 15
32 76 53 84 31 70 84 42 74 53 42 65 47 37 27
300 15
63 50 78 28 34 22 38 31 37 49 17 85 66 70 19
300 15
56 7 51 31 16 55 39 33 32 28 68 111 54 33 25
300 15
48 31 56 52 53 57 22 81 62 54 80 48 14 59 39
300 15
14 59 38 42 58 47 49 123 73 38 19 39 37 6 26
300 15
102 38 24 68 69 42 46 19 12 29 46 54 30 71 78
300 15
40 84 52 56 33 47 64 35 26 73 21 43 34 65 45
300 15
36 46 56 48 74 38 39 25 46 69 121 52 53 46 33
300 15
54 36 44 44 64 52 42 43 50 40 52 49 40 14 29
300 15
70 14 45 20 28 68 76 25 75 34 63 37 55 25 145
300 15
30 61 74 69 29 81 56 26 84 30 60 69 50 86 51
300 15
14 31 21 43 40 31 54 23 69 28 41 48 50 27 52
300 15
71 25 52 70 121 36 39 61 73 40 108 53 83 34 23
300 15
81 41 49 28 53 42 112 36 35 50 56 88 44 63 39
300 15
28 39 17 41 37 51 86 53 39 69 35 36 68 51 16
300 15
50 79 53 58 29 36 30 72 48 50 36 58 39 22 79
300 15
74 37 53 50 54 89 71 63 39 93 45 40 26 29 36
300 15
47 59 43 62 54 47 22 68 75 47 86 59 38 42 92
300 15
92 19 52 107 86 75 56 66 59 85 33 54 51 79 29
300 15
54 32 34 63 65 39 19 41 26 37 13 23 28 55 36
300 15
34 64 52 64 7 54 52 54 33 40 65 47 66 51 68
300 15
51 44 24 77 21 27 38 71 119 110 76 64 40 57 52
300 15
45 67 31 45 39 89 28 59 58 51 94 56 61 20 44
300 15
20 25 22 48 71 49 54 72 39 21 46 52 39 66 48
300 15
79 47 49 49 39 86 37 87 16 39 115 59 44 37 77
300 15
24 16 42 38 50 38 48 39 58 99 59 78 95 43 33
300 15
61 69 50 53 82 48 70 89 26 92 38 67 56 71 25
300 15
25 78 58 50 45 53 62 32 25 83 44 66 58 30 45
300 15
31 34 51 61 65 30 30 64 74 117 48 30 80 32 20
300 15
21 67 24 44 74 26 47 65 28 24 39 55 86 35 21
300 15
56 42 19 32 26 32 60 52 74 31 76 62 37 72 52
300 15
26 22 39 55 37 65 49 36 25 92 29 65 23 51 64
300 15
83 22 39 24 58 92 61 68 42 7 68 36 75 78 54
300 15
63 19 23 63 25 40 19 34 38 40 36 59 42 42 83
300 15
60 52 123 45 74 25 35 39 12 29 75 49 40 88 78
300 15
74 36 44 53 42 52 25 29 33 52 34 37 54 9 52
300 15
49 57 33 64 25 89 58 47 28 63 77 37 25 44 24
300 15
53 49 46 75 26 37 34 42 34 65 22 43 102 111 36
300 15
38 74 60 60 80 26 54 76 76 50 65 58 39 79 57
300 15
33 36 12 32 21 45 35 40 110 45 70 29 72 34 50
300 15
45 39 65 53 98 55 48 41 44 36 32 15 36 76 40
300 15
137 54 58 40 93 18 44 80 28 51 56 64 44 76 42
300 15
40 42 28 30 60 30 22 20 46 11 82 51 83 52 96
300 15
42 15 9 79 70 49 58 41 50 88 58 72 16 32 61
300 15
64 32 53 68 17 53 47 21 47 27 54 57 73 58 88
300 15
53 35 54 57 82 18 25 57 35 45 60 97 20 67 33
300 15
71 34 29 46 32 37 31 43 65 100 58 73 49 44 56
300 15
35 37 65 130 31 33 27 99 24 55 22 50 49 11 26
300 15
41 37 24 27 62 48 85 47 92 70 26 46 71 35 51
300 15
73 70 50 69 50 58 67 43 39 41 9 89 90 66 66
300 15
54 22 36 51 58 71 46 28 41 20 86 53 15 23 53
300 15
73 76 31 60 91 41 65 51 28 80 54 73 44 72 23
300 15
25 12 20 64 61 61 32 74 46 75 95 35 91 52 56
300 15
4 75 39 74 73 27 27 31 12 55 45 61 89 58 108
300 15
72 101 69 34 67 40 60 56 52 66 62 10 60 33 75
300 15
46 40 22 39 42 36 22 80 100 89 22 49 70 65 39
300 15
61 32 53 45 35 72 47 41 25 75 89 37 35 25 29
300 15
88 146 35 52 60 54 62 42 37 46 62 26 43 48 66
300 15
46 37 53 47 60 20 18 41 44 58 51 27 56 85 69
300 15
34 49 29 58 58 74 59 33 69 99 19 43 67 76 101
300 15
39 39 40 39 58 36 17 31 46 53 18 74 29 90 44
300 15
114 26 55 31 19 21 31 54 59 21 30 61 31 50 45
300 15
26 58 74 59 78 53 53 61 46 45 59 67 29 49 51
300 15
62 51 46 78 46 87 53 34 27 46 45 127 34 18 57
300 15
63 7 57 54 55 52 33 95 31 28 102 60 10 15 60
300 15
41 46 84 34 38 84 52 56 46 30 37 27 38 42 106
300 15
86 95 57 56 48 14 63 27 83 41 20 72 59 44 32
300 15
16 47 25 76 36 42 84 14 50 83 16 53 45 42 41
300 15
46 22 69 68 46 30 34 94 25 77 50 39 46 16 28
300 15
36 69 109 36 33 73 41 18 66 28 97 91 26 21 73
300 15
59 49 30 42 95 33 34 21 28 67 78 41 35 27 77
300 15
80 89 38 22 46 65 37 28 19 35 31 24 42 104 61
300 15
37 42 14 54 57 47 20 45 17 52 95 20 70 40 77
300 15
33 94 86 63 50 21 54 16 54 52 36 28 32 72 35
300 15
48 86 62 49 22 27 12 74 51 17 22 32 34 21 64
300 15
29 87 17 27 29 82 18 58 47 39 113 45 103 24 44
300 15
61 51 65 50 70 87 77 61 41 75 34 43 57 42 24
300 15
30 51 70 37 32 36 35 14 56 62 85 23 21 29 74
300 15
39 40 42 57 27 76 46 25 81 58 124 37 46 42 56
300 15
61 52 24 39 69 43 31 48 30 11 84 44 77 43 50
300 15
53 74 22 67 36 51 40 47 62 81 64 60 40 70 50
300 15
42 51 57 16 33 16 66 67 23 37 49 48 36 84 42
300 15
61 50 18 40 27 63 34 56 68 48 45 16 132 98 21
300 15
75 58 17 55 44 32 67 43 70 30 34 61 48 31 15
300 15
51 69 51 32 61 75 69 61 32 73 116 78 78 70 71
300 15
74 35 72 20 54 49 64 27 93 37 36 27 46 54 64
300 15
55 33 42 37 41 22 29 90 54 72 50 52 34 59 33
300 15
38 69 54 64 52 22 36 39 86 40 52 40 36 67 71
300 15
28 78 50 15 30 81 49 69 43 37 44 71 75 34 37
300 15
63 81 51 42 61 29 24 85 31 41 56 31 49 39 46
300 15
33 73 53 58 78 40 77 32 47 57 64 89 45 81 49
300 15
29 76 16 47 41 29 30 58 63 33 86 21 42 39 46
300 15
50 54 51 33 48 31 48 48 33 34 25 20 42 25 46
300 15
32 19 40 67 58 40 17 76 23 49 50 42 35 19 34
300 15
74 45 126 67 13 51 14 100 30 53 12 38 28 42 46
300 15
76 26 54 35 35 73 41 29 51 21 80 73 44 57 41
300 15
64 80 37 78 45 55 61 24 78 30 43 46 18 70 62
300 15
16 39 37 96 57 41 39 114 28 40 60 18 20 137 42
300 15
46 44 58 22 56 41 39 33 44 21 49 18 45 54 62
300 15
50 62 65 67 45 67 52 54 66 55 45 72 30 50 53
300 15
78 78 40 61 40 49 52 61 39 75 61 30 68 63 58
300 15
88 47 58 50 61 16 63 22 62 64 22 68 35 32 30
300 15
38 47 43 119 64 39 58 29 49 68 34 18 71 37 26
300 15
47 44 63 147 28 35 45 45 43 46 36 35 94 39 69
300 15
45 150 30 46 55 41 40 36 51 103 80 48 29 51 54
300 15
37 50 65 45 42 27 26 81 11 46 66 11 35 13 51
300 15
50 41 21 29 74 42 59 57 39 60 22 30 32 69 73
300 15
44 38 53 19 17 114 44 42 10 24 30 37 26 36 33
300 15
66 65 63 30 48 21 48 52 35 33 17 44 53 31 36
300 15
131 27 45 54 61 55 53 76 68 56 47 40 42 51 63
300 15
36 55 47 46 86 29 50 48 13 27 54 48 36 41 22
300 15
55 51 17 35 37 50 68 57 58 24 15 85 57 83 47
300 15
34 46 42 65 34 33 45 10 51 58 61 51 78 44 56
300 15
34 32 39 107 25 28 60 53 42 58 76 86 41 27 61
300 15
55 50 12 43 49 41 28 41 47 17 68 61 26 71 20
300 15
31 67 64 69 29 74 60 34 55 35 51 27 29 37 35
300 15
33 17 32 21 8 46 20 53 51 38 52 42 48 60 46
300 15
27 29 55 26 58 29 46 28 56 58 53 32 49 82 58
300 15
30 4 43 66 12 38 86 71 30 57 42 33 27 22 45
300 15
43 46 78 104 13 43 30 90 41 32 38 87 31 19 32
300 15
57 42 58 18 41 28 19 38 64 38 89 91 45 62 48
300 15
41 11 60 55 50 62 40 88 77 56 57 47 17 49 43
300 15
48 59 53 32 48 46 27 46 41 24 45 33 64 45 89
300 15
72 36 40 49 41 22 32 80 46 22 99 32 31 49 24
300 15
53 54 25 74 75 63 32 22 86 29 78 76 31 54 104
300 15
29 50 29 44 55 51 49 24 136 98 52 70 40 65 46
300 15
31 68 82 35 35 20 28 90 37 66 42 53 36 48 94
300 15
31 40 104 56 37 77 61 54 48 93 40 31 49 10 43
300 15
40 32 22 61 42 46 36 52 47 26 38 35 33 150 30
300 15
58 46 29 77 56 19 22 44 90 41 83 57 61 15 65
300 15
51 42 46 28 51 43 57 31 33 48 46 9 68 45 19
300 15
74 58 39 43 53 33 82 34 29 42 72 50 46 38 51
300 15
49 53 53 65 48 73 44 62 26 42 23 47 29 13 48
300 15
42 17 45 59 44 63 56 64 20 62 59 50 41 36 41
300 15
38 53 42 95 63 52 68 87 98 34 98 56 52 73 90
300 15
45 77 53 53 48 88 26 52 48 45 33 53 20 49 46
300 15
59 62 102 66 44 21 50 36 19 9 70 68 72 38 47
300 15
53 66 36 22 78 39 14 55 64 142 37 19 39 47 57
300 15
55 32 84 72 42 42 26 58 38 24 149 28 68 40 41
300 15
45 31 34 50 80 35 52 19 29 64 35 32 71 13 32
300 15
42 66 45 115 52 40 44 75 40 40 68 69 50 54 36
300 15
39 15 53 19 37 44 61 19 27 25 70 33 31 82 58
300 15
32 41 47 51 71 81 31 125 46 55 48 46 55 47 21
300 15
59 69 69 19 51 34 49 31 29 31 40 52 46 33 37
300 15
53 14 74 37 37 43 17 42 21 111 24 50 24 35 17
300 15
40 61 42 61 32 36 49 34 104 30 75 73 64 20 17
300 15
40 79 65 40 75 34 35 52 32 43 72 53 15 50 78
300 15
44 20 21 34 102 63 37 32 69 24 72 34 31 30 35
300 15
102 14 18 22 52 70 53 108 27 69 45 67 67 58 59
300 15
30 71 71 86 33 55 76 43 35 34 38 70 78 59 43
300 15
46 66 57 14 26 60 36 53 54 46 53 56 36 34 55
300 15
44 40 29 33 45 79 32 32 51 55 59 31 31 46 104
300 15
47 34 38 10 122 33 21 33 66 36 47 48 42 35 38
300 15
72 23 22 62 48 53 56 24 18 51 79 59 41 31 45
300 15
35 17 31 33 48 45 61 29 55 94 59 22 36 50 17
300 15
29 64 31 33 65 34 40 39 21 44 54 56 72 51 88
300 15
26 53 67 25 74 89 68 49 58 33 57 30 44 39 37
300 15
94 55 60 53 26 82 57 38 55 34 96 46 52 61 50
300 15
75 107 23 35 97 53 25 30 31 79 52 59 41 67 25
300 15
23 66 50 38 31 49 53 43 45 70 47 41 48 25 106
300 15
76 39 39 47 59 25 66 39 78 40 16 62 48 38 59
300 15
93 55 29 44 48 31 33 39 37 46 65 51 31 38 91
300 15
18 42 15 68 22 71 79 35 96 36 25 69 111 18 29
300 15
106 87 55 23 112 7 43 80 30 38 60 40 19 84 23
300 15
72 94 50 24 44 16 15 39 14 53 43 26 42 35 81
300 15
71 35 16 90 33 43 36 28 67 27 48 87 49 54 57
300 15
43 53 18 64 94 48 55 82 27 48 43 40 63 59 97
300 15
59 52 77 52 5 29 36 34 41 87 71 40 21 78 71
300 15
25 28 96 47 41 57 30 87 59 58 78 62 20 32 35
300 15
27 28 58 6 92 55 39 13 27 53 73 54 53 42 55
300 15
27 44 58 10 47 67 71 17 55 32 49 84 46 44 47
300 15
48 74 73 64 39 56 36 54 51 67 51 30 98 36 40
300 15
59 70 36 49 27 5 60 46 40 39 71 17 54 42 31
300 15
32 42 18 62 59 53 60 34 35 44 48 37 34 30 107
300 15
70 15 24 51 32 83 22 67 40 48 25 54 35 100 45
300 15
43 31 28 103 39 26 51 33 65 25 81 75 38 24 57
300 15
25 40 62 16 60 74 41 44 76 48 54 69 108 35 34
300 15
55 69 34 54 49 45 53 57 26 83 19 40 63 69 81
300 15
19 83 44 34 72 50 69 25 83 84 39 51 61 80 54
300 15
17 39 17 38 96 47 46 20 36 70 25 49 40 51 29
300 15
91 35 70 33 82 9 17 25 28 64 27 7 70 24 20
300 15
32 25 17 44 57 84 28 23 69 25 63 42 80 58 38
300 15
38 81 57 37 72 48 33 32 36 41 53 63 57 33 37
300 15
41 39 59 17 53 43 17 40 68 21 10 13 31 45 64
300 15
35 20 70 42 81 42 33 50 40 29 56 27 34 52 17
300 15
36 84 49 32 46 101 32 37 32 56 68 52 48 67 66
300 15
29 31 34 83 34 67 16 84 33 62 43 50 66 39 50
300 15
59 15 65 71 37 47 70 29 53 17 47 69 44 29 96
300 15
49 54 76 60 63 23 31 27 69 86 7 67 47 47 73
300 15
69 26 19 97 48 9 63 45 24 33 59 55 39 30 19
300 15
65 36 24 61 32 20 68 75 44 40 41 92 29 35 79
300 15
24 35 21 47 40 20 73 27 51 39 21 56 32 59 91
300 15
84 61 25 56 18 21 21 33 56 37 26 44 42 69 37
300 15
95 76 49 51 89 60 80 48 24 44 44 70 15 21 41
300 15
72 37 102 78 45 19 35 54 50 28 36 37 17 59 78
300 15
32 36 25 42 34 13 19 51 37 35 107 44 47 89 104
300 15
57 58 37 56 82 32 42 36 29 40 41 57 45 135 46
300 15
35 82 35 65 62 25 82 21 74 75 92 25 10 65 47
300 15
92 42 54 41 23 36 58 60 54 37 36 39 57 62 100
300 15
86 123 32 41 42 19 25 22 63 37 25 7 113 20 16
300 15
46 44 53 100 31 56 62 33 50 83 48 12 48 96 116
300 15
60 52 62 46 52 26 37 38 78 48 40 16 33 37 50
300 15
78 50 45 18 39 83 49 48 30 36 76 52 22 41 76
300 15
57 67 36 23 62 39 45 40 20 68 22 98 26 19 33
300 15
39 51 15 82 47 56 66 54 75 38 64 25 85 78 67
300 15
64 53 54 33 28 44 74 35 36 50 44 79 46 53 19
300 15
53 26 43 90 33 21 66 90 70 71 31 57 55 25 71
300 15
21 43 50 70 26 24 64 75 101 48 19 47 18 64 55
300 15
75 24 46 37 67 72 49 88 29 36 51 22 51 30 59
300 15
42 49 31 82 44 28 42 33 40 26 50 59 45 58 62
300 15
90 55 89 50 41 20 70 21 30 34 40 25 13 57 54
300 15
48 40 107 36 107 24 20 50 121 69 54 18 73 43 48
300 15
12 66 28 23 63 19 48 37 32 57 57 75 41 49 79
300 15
28 57 36 48 56 66 15 63 71 31 46 28 27 46 81
300 15
23 38 36 44 34 80 26 65 69 30 63 32 25 62 45
300 15
77 43 47 24 32 57 72 16 53 27 72 40 17 35 42
300 15
32 59 37 107 52 62 50 28 66 60 99 36 47 29 54
300 15
33 32 37 62 55 31 65 23 20 55 55 67 19 49 18
300 15
44 56 57 51 126 101 67 56 43 33 30 37 49 35 14
300 15
31 26 42 27 9 53 54 47 51 65 14 60 45 73 35
300 15
74 94 50 80 47 61 57 27 21 33 53 62 75 108 93
300 15
34 20 81 52 40 65 45 94 99 32 21 44 50 89 43
300 15
25 70 47 44 27 48 39 34 93 63 20 33 58 64 45
300 15
23 33 21 33 78 73 87 34 29 39 63 31 41 92 60
300 15
21 74 54 46 60 33 82 21 81 49 96 22 23 47 67
300 15
91 78 29 15 35 49 40 40 88 52 79 44 55 51 109
300 15
112 27 79 71 39 52 54 17 46 73 62 64 78 46 33
300 15
83 60 44 101 84 64 75 35 65 40 75 108 22 116 64
300 15
27 67 33 51 62 41 36 93 20 60 47 83 72 53 17
300 15
56 53 54 27 90 25 51 61 61 10 45 78 27 16 105
300 15
80 44 74 29 26 17 71 53 50 39 12 55 45 42 32
300 15
16 78 31 74 41 124 34 37 13 34 29 56 66 38 17
300 15
30 13 65 25 52 33 53 99 76 40 37 45 37 15 50
300 15
59 32 16 190 18 26 99 47 21 49 63 45 49 26 6
300 15
34 45 41 32 73 86 76 31 25 70 32 46 13 33 53
300 15
43 23 94 37 83 70 36 91 45 22 98 75 31 107 39
300 15
30 21 38 76 53 41 48 24 30 22 30 97 66 18 56
300 15
50 23 38 80 31 33 66 53 31 41 27 70 42 54 45
300 15
21 42 32 48 50 43 51 40 80 62 85 41 21 45 63
300 15
59 60 51 22 40 67 62 99 38 25 65 111 28 64 54
300 15
70 26 11 23 34 54 51 39 17 59 41 94 48 69 29
300 15
51 52 38 58 75 86 37 75 51 61 35 29 25 35 91
300 15
32 54 54 28 41 33 29 41 25 59 85 24 56 44 51
300 15
59 28 148 67 24 33 45 27 46 18 40 58 61 24 71
300 15
17 48 64 51 56 58 43 32 64 73 74 44 36 49 75
300 15
43 34 33 40 49 59 17 40 20 92 35 57 48 37 55
300 15
28 25 50 80 33 42 22 35 62 53 76 64 23 66 51
300 15
58 62 36 59 53 34 31 46 62 55 53 81 72 37 60
300 15
76 53 87 18 27 34 65 39 48 72 63 29 36 50 80
300 15
50 64 65 50 81 44 14 18 19 43 49 37 24 107 58
300 15
28 66 97 27 46 24 102 52 48 20 42 26 71 99 22
300 15
48 62 67 23 52 38 59 23 40 52 77 60 29 75 38
300 15
27 34 24 54 79 59 82 22 87 38 20 53 43 26 47
300 15
41 60 81 32 21 54 56 49 33 36 84 87 73 28 68
300 15
24 34 20 75 43 18 42 79 60 130 52 29 64 18 27
300 15
69 38 30 37 59 87 46 47 93 28 39 53 72 114 44
300 15
66 19 17 48 40 42 60 72 51 44 47 55 21 51 18
300 15
41 29 70 36 55 40 69 26 32 37 63 34 88 77 39
300 15
60 34 18 64 182 77 97 44 43 32 86 42 43 57 34
300 15
42 39 26 70 74 32 31 30 28 17 40 17 130 57 44
300 15
47 69 55 35 55 90 35 47 43 41 58 11 75 48 42
300 15
85 40 32 63 25 72 47 28 49 33 66 17 30 29 28
300 15
23 49 17 34 56 26 25 27 23 85 35 31 42 83 62
300 15
94 47 36 52 43 19 58 55 38 35 37 35 28 18 45
300 15
53 42 27 36 72 23 24 18 59 56 50 54 62 43 43
300 15
52 78 57 80 21 34 64 24 23 26 59 76 25 32 44
300 15
91 41 51 28 45 64 88 90 67 40 45 20 22 43 54
300 15
40 31 21 57 32 34 9 47 80 69 46 58 64 106 58
300 15
23 98 66 45 35 61 55 35 21 37 69 38 23 75 83
300 15
42 27 55 15 62 33 45 86 15 36 23 57 25 55 24
300 15
35 35 30 37 28 62 51 70 46 51 51 46 34 47 60
300 15
71 22 32 33 48 42 61 16 69 71 37 47 42 27 56
300 15
107 29 22 41 48 46 103 85 26 50 24 34 43 66 60
300 15
66 41 48 71 12 49 43 85 31 26 45 24 29 28 67
300 15
58 57 32 47 37 39 52 16 78 40 54 52 42 39 90
300 15
51 80 53 34 29 24 78 54 49 47 69 52 41 23 60
300 15
65 57 74 36 25 48 39 65 50 57 61 45 58 55 23
300 15
41 53 93 28 48 75 29 36 67 55 61 89 51 59 34
300 15
17 15 56 32 79 82 49 31 44 61 29 34 42 53 51
300 15
41 121 22 27 40 48 61 21 90 26 69 32 28 53 51
300 15
107 32 28 45 55 62 52 33 47 23 67 58 22 134 83
300 15
48 59 39 47 59 92 58 31 49 68 24 30 61 58 97
300 15
41 77 36 21 56 49 47 87 44 74 46 22 72 20 63
300 15
60 54 37 86 69 13 45 63 41 40 50 43 53 38 66
300 15
45 25 67 34 32 52 84 61 56 31 62 60 45 63 42
300 15
71 38 109 20 71 30 34 16 66 25 38 19 16 38 29
300 15
40 21 39 42 33 80 35 67 64 70 82 39 17 69 39
300 15
28 50 14 92 28 26 73 47 47 40 47 80 55 36 62
300 15
30 34 69 93 70 39 15 57 60 41 30 27 14 78 56
300 15
67 78 33 137 35 56 51 19 57 74 40 60 75 47 41
300 15
48 42 66 38 40 96 59 31 77 37 105 18 47 64 37
300 15
80 84 37 49 83 43 115 25 30 38 24 42 76 49 98
300 15
60 42 17 68 14 56 27 44 32 11 36 50 76 46 54
300 15
40 46 51 35 38 41 65 63 23 54 63 65 45 33 70
300 15
28 18 88 30 26 23 31 50 27 45 44 70 22 48 59
300 15
46 48 26 66 77 21 29 72 77 53 71 66 69 54 42
300 15
19 55 29 68 23 78 14 33 38 42 58 46 52 29 55
300 15
88 33 23 29 61 22 62 23 43 21 63 48 39 70 32
300 15
18 86 47 19 50 69 17 26 65 35 17 80 60 79 29
300 15
42 44 36 66 55 29 32 38 67 35 43 50 90 32 28
300 15
46 49 75 59 54 70 73 47 28 16 25 30 27 81 13
300 15
30 57 52 27 28 42 69 36 66 44 45 56 24 51 48
300 15
75 37 47 40 46 49 63 65 57 47 43 30 47 57 72
300 15
28 45 43 84 77 64 65 51 28 60 48 43 21 30 49
300 15
27 53 67 65 62 39 87 19 25 68 48 77 50 56 51
300 15
52 32 75 46 52 65 60 40 74 52 64 26 36 46 32
300 15
65 27 39 71 79 32 33 28 79 57 43 70 119 29 62
300 15
46 49 18 16 14 55 41 20 63 101 30 40 56 19 73
300 15
46 41 55 46 16 63 35 69 52 31 74 32 47 29 80
300 15
18 85 67 39 30 72 6 49 47 18 37 41 80 25 31
300 15
25 30 52 64 20 14 36 31 43 50 32 49 81 65 58
300 15
28 54 32 34 86 43 72 37 26 59 55 63 32 36 14
300 15
42 73 58 44 44 35 80 24 44 59 74 23 39 29 62
300 15
19 49 67 130 81 53 36 43 19 28 61 33 11 32 32
300 15
75 31 113 36 53 60 83 42 32 16 48 16 29 66 47
300 15
63 52 32 24 52 68 22 36 79 84 51 59 45 55 23
300 15
35 43 35 30 54 35 41 41 61 56 64 83 63 51 91
300 15
39 60 37 30 69 45 93 45 59 75 86 75 49 22 12
300 15
55 40 76 20 40 39 82 27 24 71 36 48 56 20 28
300 15
30 81 73 36 48 19 61 14 37 20 45 49 35 46 46
300 15
47 64 105 47 68 46 43 22 62 80 96 36 38 36 26
300 15
23 65 50 43 41 63 53 22 99 22 30 54 25 35 56
300 15
21 110 81 35 37 25 22 45 41 29 44 45 65 46 72
300 15
60 81 51 37 52 52 71 88 56 40 47 47 55 39 68
300 15
67 94 76 40 25 73 37 90 56 37 39 22 26 57 31
300 15
69 53 69 42 81 25 60 46 28 73 106 51 58 60 44
300 15
46 64 46 25 34 62 117 61 26 73 65 24 56 45 52
300 15
37 63 64 49 40 57 16 45 56 66 82 48 27 31 57
300 15
47 51 79 74 75 113 48 20 20 37 52 58 42 80 58
300 15
112 71 81 28 36 82 49 50 37 57 34 69 53 52 48
300 15
109 122 25 58 34 50 42 27 43 40 37 111 37 66 46
300 15
17 25 65 36 49 72 71 21 80 52 15 65 50 18 54
300 15
54 23 68 38 21 56 71 62 36 48 37 42 48 89 31
300 15
53 53 13 28 48 47 29 55 49 29 26 59 68 92 53
300 15
29 40 49 48 24 25 58 18 73 57 37 53 67 80 30
300 15
98 68 39 76 23 16 53 67 34 36 43 35 40 44 32
300 15
46 55 32 64 47 87 53 57 57 37 55 96 24 38 17
300 15
68 41 45 55 22 25 58 45 42 120 63 50 59 44 57
300 15
36 26 64 19 90 50 47 33 23 38 70 38 17 76 56
300 15
43 63 70 44 52 72 52 53 68 43 11 54 49 44 24
300 15
119 34 25 58 25 116 47 54 41 49 10 45 35 45 27
