iin [0]
iin [1]

mod [3] [1] 10
if [1]
mul [2] [2] 10
add [2] [2] [3]
div [1] [1] 10

mod [3] [1] 10
if [1]
mul [2] [2] 10
add [2] [2] [3]
div [1] [1] 10

mod [3] [1] 10
if [1]
mul [2] [2] 10
add [2] [2] [3]
div [1] [1] 10

mod [3] [1] 10
if [1]
mul [2] [2] 10
add [2] [2] [3]
div [1] [1] 10

mod [3] [1] 10
if [1]
mul [2] [2] 10
add [2] [2] [3]
div [1] [1] 10

mod [3] [1] 10
if [1]
mul [2] [2] 10
add [2] [2] [3]
div [1] [1] 10

mod [3] [1] 10
if [1]
mul [2] [2] 10
add [2] [2] [3]
div [1] [1] 10

mod [3] [1] 10
if [1]
mul [2] [2] 10
add [2] [2] [3]
div [1] [1] 10

mod [3] [1] 10
if [1]
mul [2] [2] 10
add [2] [2] [3]
div [1] [1] 10

mod [3] [1] 10
if [1]
mul [2] [2] 10
add [2] [2] [3]
div [1] [1] 10

add [4] [0] [2]
iout [4]
ac
