100
1 2
00
10
3 10
1000101110 1000100110 0101010100
0011110101 0010010101 0111001110
6 4
1001 0101 0001 0100 1000 0000
0111 1111 0011 0010 1110 0110
6 3
110 111 010 011 000 100
111 000 110 011 010 100
10 10
1000110001 1111001101 1000100011 0111011010 1100100101 0101010100 0010101010 1011111011 0001011100 0110000110
1111010010 1101011100 0000111001 1001010100 0111000101 0100101101 0011110011 1110001110 0000101011 1010100010
8 8
10011111 11111001 11111101 01100100 11011111 01100000 00000110 01000110
11011101 10111111 00000100 01000100 00100110 10111011 00100010 10011101
1 5
01011
10110
10 10
1010100010 0111001000 1101000010 0011100110 0101010011 1101001101 1000111001 1100011111 0010110100 0010111101
0000000000 1001001100 0001011101 1111111001 0001010010 1110101011 1011010111 0100100110 0110111101 1110100010
8 10
0110011111 1101100000 1111010100 0100101011 1111010110 1100101010 1110011110 1101100010
0001100010 1000101011 0011010110 1010011101 1001100011 1011010111 1010011111 1000101001
10 10
1001010010 1001110011 1010100010 0101101100 1011111101 0110001101 0110100000 0110011111 0000011111 1101000000
0110100100 1001111011 1010011010 0010110110 1111101001 1001010110 0100001011 0101010100 1001101001 0110000101
8 7
0111110 1111110 0111101 1111101 0001110 1011001 1011010 0001101
1001010 1001001 0001001 1101101 0111010 0111001 0001010 1101110
3 4
0001 0011 0100
1110 1001 1100
1 6
010010
010111
2 6
010010 001111
001001 010100
9 9
110001010 010011011 010111110 101010111 010010001 001101110 100000111 001111101 000000010
010010011 001100110 000001010 110000010 010110110 001110101 100001111 010011001 101011111
6 7
0110110 0001010 1000001 0011001 0000100 0111111
0000000 1110111 1001011 1011000 1111110 1000101
1 2
11
01
3 9
110010100 010100000 100000010
001111001 110001110 010010000
10 10
1110011111 0001011010 1011111100 1000011100 0011100001 0101001011 0000100010 1111000101 0100100101 1110110010
0101010011 0100101011 0110010000 1110001101 1010110100 1011101110 1101101101 0001010100 1011000011 0000111010
4 6
110011 101111 101000 011001
001111 010100 001000 111110
10 10
0011000110 0011100001 0100100101 1101011001 0010010110 1011011110 1100101000 0110111001 1001111110 1100000011
1101010100 1001111011 0100011100 0011101010 1011100111 0010011011 0011000001 0110111100 1100100011 1100000100
10 10
0100001111 1100100001 0011011001 1010010000 0101111101 0100100010 1011101010 0111010100 1001100110 1010011111
1011001110 1101110000 0101110011 0110000101 0100101100 1010111011 1011000001 0101011110 0010001000 1000110111
5 6
101100 110001 010101 111011 011101
111110 000101 110011 001100 111000
4 6
101000 111011 111010 101001
101000 101001 111010 111011
8 8
11000110 10111111 01000001 10110111 10010010 11001110 10011010 01001001
10010110 00010001 01101000 01000101 00011001 01100000 01001101 10011110
8 6
101100 101111 101010 001011 110100 100011 011011 100101
011110 000101 110110 100110 100101 010010 010000 001101
1 10
0011001100
0101011010
5 7
0101111 0101010 0000101 1100111 0110011
0111001 1101101 0100101 0001111 0100000
2 4
1110 0111
0000 1111
5 10
0011000001 0011100010 0111101001 0010000001 1101000011
0111001000 0101010001 0011000000 1111110001 0110000011
10 10
1011011111 0100100010 0001100011 0111111110 1100101100 1001100001 1010000000 0110010111 1001011000 0110011101
1001100000 0101110111 1110010100 0011011011 1001101010 1000001001 0110010110 0110101111 0100101000 1011010101
10 10
0100100100 1001101100 1100101010 1011110011 1011100110 0110011011 1010010010 0111011101 0100011001 0001000101
0111001001 0001010001 1100111110 1011100111 0100001101 0110001111 1011110010 1001111000 1010000110 0100110000
10 10
0011000011 0101000001 0111100111 1000001010 1001111100 0101011110 1000110000 1110111101 1010010000 0110101111
0111001010 1011110101 1000011011 0101010000 1000000100 0101101010 0011100111 0100100110 1010111101 1110011001
8 10
0011110001 0110100111 1010111100 1111001000 0011010001 0110000111 1010011100 1111101000
1100010011 0000101000 1100110011 1001000101 0101111100 0101011100 0000001000 1001100101
5 10
0011010010 1001011010 1110011001 0110010110 0100001000
0100001010 1001011000 0011010000 1110011011 0110010100
7 9
001010000 111010001 110101101 000111011 110001110 011110011 000110010
000000101 111111111 101011010 011010110 010110000 100010110 110100111
4 10
0100000100 1011010011 0100001100 1011011011
0100001100 1011011011 0100000100 1011010011
10 10
1100010011 1001111100 0010001001 0110011011 0100010000 0010101001 0101100111 1011100110 1011111110 1101000100
1100110110 0100010101 0111101001 0011011011 1010010100 1010001100 0101100010 0011111011 1101100001 1000001110
2 5
11001 01111
00110 10000
4 3
010 101 100 011
001 111 110 000
10 10
0000000011 0010110011 0101111001 0110011101 1001011000 1111100110 1000000100 1101010110 1010101011 0111101100
1000011010 0001100001 0110000011 1011111110 1001101011 0011010001 0100101100 1100110100 0111011111 1110000100
2 5
00011 00111
00111 00011
10 10
0000111001 1111101100 0000100000 0100010001 0010111111 1111000111 1001001010 1101010110 0111011011 1010100100
0001011101 1000110111 1110010001 0001000100 0101101100 1011011001 0011000010 0110100110 1100101011 1110111010
2 2
11 01
00 10
10 10
0101010111 0100000101 1010110000 1101011000 1011111110 1110001011 1111101111 0010000001 0001101100 0000110010
1101000000 0110011100 1100011110 1110101101 0010100111 1000101001 1001111011 0111010010 0011000011 0001110100
10 10
0001110110 0011111011 1000000111 0110101000 0011110100 1001001001 1100010010 1100101010 0111000101 1110011101
0000010100 1101001000 1000101011 0010010110 0110100111 0111001010 1111111111 0010011001 1001100101 1101110000
8 8
01111011 00000100 11011011 01011011 00000110 10000110 01011001 00100110
00000110 01011011 00100110 11011011 10000110 01011001 01111011 00000100
6 10
0110001011 1001110100 1100010100 1101110100 0011101011 0111101011
1001010100 1000110100 1101010100 0011001011 0010101011 0111001011
10 10
0111110010 1011111110 1000001101 0010010001 0010011101 1101001000 0100001111 1101110011 1001100100 0110100010
0010010000 0111110011 1101101111 1110011100 0011000000 1000101010 1100000110 0001101101 0111111111 1000010001
8 10
0000100011 0001010110 0001111101 0110100010 0100110000 1001011010 1111001101 0110101010
0010001001 1111011011 0000001001 1111110110 1100011110 1110110110 1010010110 0101110010
10 10
0010110101 1100101111 0010000000 0001000111 0001111000 0110001110 1001011010 1111010100 1111110011 1100101001
1011110101 1000000111 1111001110 1000111000 0101101111 0101101001 1011000000 0000011010 0110110011 0110010100
10 10
0000101111 1011111100 1101000110 0010100001 1011100110 1101011001 0110000010 0101010101 0110011010 1000111001
1011100110 0000111101 0000100010 1011111110 0110011000 0110000010 0101011101 1111000101 1000110001 1101001011
10 10
0110010001 1101000000 1011100110 1101010010 0000100011 1101101101 1010011111 0011111010 0110101101 0000011100
0101000000 1000001011 1110000101 0100111001 0011001011 1101011100 0011100110 1000110111 1110111010 0011110100
9 10
1111010000 0110110111 0000101011 1011101100 0000111110 0011000001 1000110001 0100000101 0101110010
0001111110 0110111010 0111001101 1001010011 1010001110 0010010100 0010000001 1101101111 0100001000
2 6
101001 010101
100101 011001
10 10
0011101101 1000010010 0100000111 1000111011 1001100011 0101001010 0110011100 0111111000 1111010100 1010100101
1111000000 0110001000 0000101111 0001100010 1101110111 0011111001 0010011101 1100000110 1010110001 1101011110
9 10
1110010000 1110110001 0101010110 0100100000 1000010000 0001010111 1110100001 0100100001 1000001101
0110000000 0111110110 0110000001 1100000001 1010110000 1010101101 1100110000 0011110111 1100010001
10 10
0010011011 0101110100 1110100110 1010111100 1100101111 0001010000 0101001010 1001111011 1010000101 0111000001
0101100000 1110110010 0001111010 0001000011 1001011101 1110001100 1010010110 0111101001 0010111101 1100000111
4 7
1101010 1100101 0001011 1001011
1010101 0001110 1000001 0010111
4 4
0011 1100 0101 1010
0011 1100 1010 0101
6 8
00000100 01001111 00011011 11010000 00111011 11110010
11001100 00011101 10110110 10110111 01001001 10011011
10 10
1000011010 0101111000 1110001101 1101110011 0010010100 1010010110 0110100101 1101101111 0011101010 0001000001
0111111101 1011100100 1101110011 0011001100 1000011010 1111111111 0000010001 0100101000 0110000011 1000000110
2 5
00011 10001
10000 00010
1 3
100
001
9 7
0101010 1111111 0000001 1110011 0100010 1010001 0100100 1000000 0011101
0111001 0110110 1100101 0100111 1011010 1011001 0000001 0001110 1100110
10 10
1101111010 1010000011 0011010100 0001101111 1000000100 0110011100 0110110101 1011111010 0101100011 1100001001
1101111001 1110000111 1100000000 0000011111 0000110110 0011100000 1011111001 1010001010 0111101100 0101010111
8 8
01001100 11001011 11110011 01011100 11010011 01010100 11011011 01110100
00101100 00111100 10100011 10000011 10111011 00100100 00000100 10101011
10 10
1000100101 0100101001 1011000000 1011111111 1110001000 0111011110 0100110000 1001101111 0100010110 0011010011
1011100001 0100110111 1001110001 1000111011 0111000000 0100001000 1011011110 0100101110 0011001101 1110010110
10 10
0101011000 1110110000 1011111111 1010101011 1100100100 0001010001 0111101111 0000011110 0011000001 1100000110
1110101011 1100011101 0011111100 1001010010 0101000010 0111110101 0001101100 1000000110 1110001001 0010110011
1 9
011110100
011000000
1 3
110
111
4 8
10000001 10011001 01111100 10111001
01001011 00001000 01001010 11000111
1 2
11
10
4 9
010111111 001000000 000110111 011001000
111001000 101000000 100110111 110111111
2 4
0000 0010
1101 1111
4 7
1001110 1010000 0101010 1011000
0101111 1011101 1001011 1010101
10 10
0010000000 1110010110 1101001000 0100101111 1010111101 0111110101 0011011010 1100100101 0001010010 1001101011
0101001010 0111000010 0011101101 1000111101 1101110011 0000110111 0110011000 1110100101 1001010000 1010001110
10 10
0111011001 1010110110 0011011001 1100000100 0101110110 0010101001 1000101101 0111100010 1000010111 1101001010
1100101011 1011010111 0110111000 0100010111 1001001100 0010111000 0110000011 0011001000 1001110110 1101100101
3 9
100111111 101000100 001111110
100101000 010011111 101011110
10 10
0000000011 1100110000 0011100110 0100110101 1001001100 1010101001 1111011111 1111100011 0011011100 0100011010
0110100000 0011010110 0101001111 0110011100 1010100011 1101100101 0000110011 1001111100 1010011001 1101001010
2 4
0101 0111
0010 0000
10 7
0010010 1101110 0100100 0010111 1110001 0101101 0101010 0101111 1100101 1110110
1010110 0101010 0010111 0010101 1011101 1001001 0101111 0011100 1001110 0010010
1 7
0110101
0111001
10 9
111111101 000110010 010011100 001110111 000010000 110101010 000000110 010110100 110011101 010011010
011101011 101100110 001001111 011111101 101010001 100000110 010001100 001100001 011001001 001100111
2 9
001101101 101101100
111100110 011100111
5 8
00110110 11110011 00000001 11001001 10011111
01011100 10111001 01010101 11110010 11111101
3 4
1111 0010 1011
0111 0001 0000
2 7
1101100 0000001
1001100 0100001
3 9
000001100 100110101 011001100
110111110 001000111 101111110
10 10
1001011111 1010100100 0011101011 1010100101 0010111000 0101010010 0101010111 0110110001 1100001110 1101001000
1100101111 0011000001 0000100010 1001111110 0111001000 0000100111 0110011011 1111010101 1000111000 1111010100
10 10
1010010101 0011000011 0100011101 0000111011 1111110000 0100100000 0011011100 1111000011 1000101110 1101101110
0010111111 1110001100 1100010010 1110111111 0010100000 0101100001 0101011100 1011101001 0001000111 1001010010
6 8
00011101 01110011 00110011 01111111 00111111 00010001
10101110 10001100 11001100 10000000 10100010 11000000
6 9
111000100 100001111 111101110 110111110 101010011 101110001
101000111 110011010 101111100 110000110 010110001 100011110
4 10
1110100110 0101011000 1100100110 0111011000
1110100110 1100100110 0111011000 0101011000
4 10
1000001010 0000000011 1011001110 0011000111
1011100111 1000100011 0011101110 0000101010
10 10
0111110110 0010111001 1001001000 0100000111 1110100010 0000101110 1001010101 0111011001 1011011110 1100100001
1101110101 1010000010 0011111001 0111010000 1111110110 0100100001 0100001110 1000001001 1010011111 0001101110
8 10
1010100110 0111111000 0101111100 1011110100 1111011000 0110101010 0100101110 1110001010
0010101011 0011111001 0000101111 1100100011 1001011101 1101110001 0001111101 1000001111
10 10
0001111100 1011100000 1110001001 0010010101 1110000010 1001110110 0101111111 0100011100 1101000011 0010101011
1000000001 1111010101 1111101011 0110011110 0000111101 0011110111 0100001000 1100000010 1001100010 0011111100
3 7
0010101 1101101 1111001
0111101 1000101 1010001
10 10
0110100111 0011000110 1001000101 0110011010 1101110001 1111001111 1001001000 1000111000 0100110100 0010111011
1010110000 0001001110 1010111101 0101010010 0101101111 1100111010 1011001101 0111000001 0000110011 1110000100
