40
3 2 100
3 5 7
4 8 16
1 20 5 2
100 13 36
5940 1260 8244 4896 3564 4860 5292 2808 3708 4932 576 4716 3816 6048 1512 684 5076 5904 9864 9792 3024 8280 1440 2520 6372 6984 1620 6840 2916 7812 3492 6084 9504 9072 6264 8064 1116 7308 5616 1152 5112 5688 8928 5256 1368 2556 6336 9720 9900 6696 4068 4428 360 2124 2016 1080 8604 756 6912 9684 9252 432 7632 4140 5544 8892 1584 7920 2232 7740 936 7704 2304 3204 7956 5580 3960 3384 7020 792 6948 4752 3852 1188 7884 3276 5184 7344 9360 2880 2268 8388 4356 504 6732 3636 396 2340 3060 4248
10 2 10000
8633 1 1 8633 1 1 8633 1 1 1
10 2 10000
1 15 6 11 10 2 30 3 7 5
10 2 10000
2 15 6 2310 5 11 1 3 7 10
5 7993 8395
4558 7185 8921 6761 9496
5 9125 9979
961 4895 3262 4791 2482
50 2 10000
72 6 504 35 30 90 1008 280 144 252 2520 1680 168 24 5040 1 630 140 560 80 1260 48 42 28 336 15 60 126 120 7 840 105 420 4 3 112 8 5 2 210 720 12 9 315 16 10 20 14 45 360
100 2 10000
6596 5238 194 9700 5335 8827 5529 679 4947 3880 9215 2813 2134 8342 3589 3492 776 9312 3298 4268 1067 873 485 5432 8439 8148 7857 4074 3686 6887 1746 4656 6499 2425 7275 9506 6693 8051 7372 7469 2910 9021 5141 2231 9118 3104 7178 970 6984 1261 8633 6208 5626 6402 4365 7760 2328 4559 4171 1358 5820 7663 2716 5044 1164 6111 291 3201 4753 3977 7566 3395 8536 1552 1843 582 6305 8245 3783 8924 2522 388 7081 5723 1940 8730 4462 9409 2619 4850 1455 7954 9603 3007 1649 5917 9797 6014 6790 2037
5 4602 9992
9697 1032 6798 892 9281
5 2997 8484
3731 7000 7576 9271 1493
6 2 10000
9973 9929 9967 9931 9941 9949
5 3947 9567
6064 8213 959 3002 1076
5 109 8197
5918 6594 5364 2984 7413
10 61 119
15 3600 1440 2880 40 60 20 5040 4320 10
100 1 10000
4382 1602 8728 383 1153 1159 6799 1134 4475 8524 4942 6692 187 2452 6432 5267 3999 8279 1382 5800 9284 7661 781 2348 4144 3959 4081 5421 8451 8508 8599 3859 736 6163 779 9532 5433 8173 2889 2074 7723 3518 719 3393 9808 2361 1463 8609 4159 5971 9558 7451 7102 9435 2496 6337 8004 3842 7074 3716 7739 3855 849 6547 260 385 1330 572 5506 2630 8207 1310 7204 2294 5742 3464 6722 9130 9496 8639 7962 6908 9747 2980 3918 7032 7881 7439 7643 8882 4635 859 6761 6433 7096 6196 8020 4661 7692 5315
3 2 50
3 5 75
5 8613 9979
7398 1446 9462 1237 2809
13 1 10000
4109 3625 4922 7800 333 4721 9808 4077 6742 1504 2720 5198 8422
10 8281 9937
92 72 207 828 184 414 552 276 69 138
5 6869 7034
7300 5688 6165 3361 8328
51 961 1920
192 192 5760 192 192 5760 5760 5760 192 5760 5760 5760 5760 192 192 5760 5760 5760 5760 192 192 5760 192 5760 5760 192 192 5760 5760 192 192 192 5760 192 192 5760 192 192 5760 192 192 5760 192 5760 5760 192 5760 5760 192 5760 192
2 5001 10000
2500 5000
5 8001 9292
9345 6418 8110 3461 9142
4 2 10000
49 3 4 17
7 5 10000
9978 9678 9942 9714 9762 9822 9726
5 3226 6757
4477 6548 233 823 1615
5 6316 7060
5067 2585 5646 6840 1683
5 6340 7862
707 9858 9450 2653 5665
5 6446 9695
3551 9335 311 1710 7216
5 5757 8088
3232 2518 7111 7478 4335
5 4006 7741
6124 5394 587 15 1339
51 2162 4321
4322 2161 4322 2161 4322 4322 4322 2161 4322 4322 4322 4322 2161 4322 2161 4322 2161 4322 4322 4322 4322 2161 2161 4322 4322 2161 2161 4322 4322 4322 4322 2161 2161 4322 2161 4322 2161 2161 2161 2161 2161 2161 4322 2161 2161 2161 2161 4322 2161 2161 4322
5 7114 9410
5562 9433 7856 6798 7436
5 3112 7846
3041 3803 892 5030 577
10 61 119
4680 15 3 30 8640 2520 2160 10 20 3960
5 6599 9266
4342 5268 4741 8939 283
5 8861 9043
2875 5651 4135 6703 4718
5 9666 9830
2718 7633 9570 1736 6903
