40
3 2 100
3 5 7
4 8 16
1 20 5 2
6 2 10000
9967 9931 9929 9949 9941 9973
10 2 10000
1 6 15 5 2310 11 3 2 7 10
5 2979 7063
9042 9883 5158 1754 7844
100 19 54
6210 6858 9612 9450 9666 7074 6750 6696 2160 8370 756 6642 1890 9504 6426 8694 8586 7668 4428 1080 6102 6048 9018 2538 4050 6318 702 3672 5508 4752 5238 2376 7722 6156 4698 5724 9558 4266 1782 7290 3726 4644 8424 5886 1458 6480 1674 3510 9234 594 4806 3942 5994 1404 5346 2862 540 8532 1242 4968 1512 5454 5400 3078 2322 7452 3132 3240 3024 9072 4482 7398 2430 8046 8964 5184 864 4158 5940 7830 1566 1188 9936 5076 3888 9774 5130 6372 3996 9720 1728 8802 6804 3402 8100 9288 8316 1134 7506 7938
5 4652 5365
7100 8678 1512 8139 6845
5 8972 9318
5157 4437 1633 6309 8688
5 3844 5620
2493 6780 3127 1928 1163
5 4428 5567
2380 894 8399 7518 498
51 3990 7977
3989 7978 3989 3989 3989 3989 3989 7978 7978 3989 3989 7978 3989 7978 3989 3989 3989 7978 7978 7978 7978 3989 3989 3989 7978 3989 3989 3989 3989 7978 7978 3989 7978 7978 7978 7978 7978 7978 7978 7978 3989 3989 7978 7978 7978 7978 3989 3989 7978 7978 3989
5 4859 6017
1323 9872 9315 5097 8510
100 1 10000
1883 4876 8417 7119 3626 7400 898 7442 4303 2222 8905 2969 5972 483 9579 2378 6367 5278 3314 7611 3819 3728 7175 6365 1205 3366 6313 9313 2468 370 1968 6304 8512 3525 4319 8459 7677 2537 391 7313 3609 4074 7587 1088 58 9690 3553 8547 6710 3846 7041 8106 796 7716 1886 9836 3424 7507 5801 4657 8622 6178 1078 886 9712 6284 1480 9234 7788 7246 5726 385 6201 3483 9355 2499 3890 7828 5255 7266 7023 7355 1037 7408 9708 6650 71 895 6635 9956 2596 7853 306 1001 7088 2149 387 8081 7655 8149
10 61 119
4680 10 12 1800 8280 2520 6 30 7920 20
5 7323 7777
1986 9864 620 5655 237
3 2 50
3 5 75
7 5 10000
9942 9822 9678 9714 9762 9978 9726
5 9816 9861
3114 8975 5134 2349 3712
5 7670 9639
971 2077 9303 9120 7146
5 1668 4904
460 9573 8177 4070 8506
5 5736 7003
4881 8098 9331 683 678
10 2 10000
6 10 15 11 1 2 5 30 3 7
5 2766 5092
8328 2310 1291 3840 6423
5 6474 8394
7394 6192 9034 3401 6806
5 1060 9823
1102 1545 6220 1497 6777
4 2 10000
17 3 4 49
13 1 10000
7823 9279 9062 8457 8055 9560 1213 7444 38 9824 719 7092 4048
100 2 10000
2993 943 1312 369 697 205 2665 164 2911 2460 492 1804 4059 533 3977 4141 2255 3567 3772 2378 3608 3239 1148 1435 1107 3403 82 2788 779 3936 1640 3116 2214 1681 1845 615 287 2829 3280 3854 1230 2132 1066 3321 3649 2952 3157 738 410 2337 4100 1558 3444 2501 1476 1927 2542 1599 1968 820 3731 2583 3690 2419 1271 1517 1353 574 4018 1722 3813 1394 3198 3362 1025 2050 328 3895 3075 2624 902 2296 3526 2009 1763 1886 2747 2870 123 984 2706 451 2091 246 656 3034 1189 3485 861 2173
5 1630 9003
5662 4104 8105 6523 7957
5 4142 7587
5692 6842 2342 8769 6187
50 2 10000
36 168 35 42 21 252 20 56 105 2520 90 720 336 1 1260 2 630 560 40 24 1680 360 6 1008 5040 120 3 315 126 504 70 8 72 63 4 144 12 15 180 840 18 210 80 112 45 30 28 10 16 420
5 2562 7185
241 6439 9208 3590 4122
14 2 10000
1 8633 1 8633 1 1 1 1 1 8633 8633 1 1 1
5 3896 6092
3661 8731 8092 5753 4824
10 8331 9997
7 98 17 14 238 119 49 833 34 2
2 5001 10000
5000 2500
51 1501 3000
300 9000 300 300 300 9000 300 9000 9000 300 300 300 9000 300 9000 300 300 9000 9000 9000 9000 300 300 9000 9000 9000 300 300 300 9000 9000 9000 300 9000 300 9000 300 9000 9000 300 9000 9000 9000 300 9000 9000 300 300 9000 300 300
5 8090 9996
1031 2006 6770 557 3664
10 61 119
60 5760 40 24 9360 5040 2160 8 6 4320
5 4191 7886
2884 4827 7491 1351 4569
