40
3 2 100
3 5 7
4 8 16
1 20 5 2
5 9412 9687
6097 3926 6712 1919 8446
5 627 1851
6878 9330 1126 7625 1503
10 2 10000
15 5 2310 3 7 2 6 10 11 1
3 2 50
3 5 75
6 2 10000
9931 9949 9941 9973 9967 9929
5 1708 2427
8428 4640 2196 3337 6763
10 61 119
3600 2880 3 60 12 1440 24 5040 40 4320
5 3812 6174
1952 8208 1716 3529 9391
51 3146 6289
6290 6290 6290 3145 6290 3145 3145 6290 3145 3145 3145 6290 6290 3145 3145 3145 6290 6290 3145 6290 6290 3145 6290 3145 3145 6290 3145 6290 6290 3145 3145 6290 3145 3145 6290 6290 3145 3145 6290 3145 3145 6290 6290 3145 6290 6290 6290 3145 6290 6290 3145
5 9116 9697
2127 3507 6590 9694 5838
5 3859 9299
7247 4321 1650 836 9291
5 6512 7481
6530 1547 710 2549 1654
5 3405 4828
6829 3900 8374 6024 4175
5 7208 8137
5019 1633 2342 2343 1890
5 9172 9478
6384 3437 1204 3646 1912
11 2 10000
8633 8633 8633 8633 1 8633 8633 1 1 8633 8633
5 5960 6951
8394 931 6078 1034 4044
10 2 10000
6 3 2 11 1 7 15 10 30 5
5 659 2883
3216 8356 4860 326 6141
5 6516 7856
9882 337 6014 8988 9386
10 8321 9985
104 64 16 32 208 128 26 52 416 832
4 2 10000
49 4 3 17
100 1 10000
8405 7022 8280 3459 1691 6171 632 9953 9414 9396 4010 49 5336 3614 1098 4021 9094 8938 1688 6919 2956 6062 4500 6142 5120 2351 5091 1303 2152 3953 2105 5641 2781 4206 8407 9733 3240 3836 9914 2966 7741 4559 1898 9488 5097 2186 9536 2115 358 6769 8537 2220 84 4233 1957 3585 2881 5543 5154 7397 5465 749 4522 1760 3674 8236 6652 3013 322 7517 9616 8704 9022 2785 2740 7680 4187 9715 958 9482 4975 6674 4012 8699 7839 403 673 3899 3755 5318 6974 7787 9128 5827 6436 5013 5379 629 3028 9896
5 5802 7602
617 3496 6845 4942 3106
50 2 10000
60 30 35 630 84 112 210 24 140 20 40 45 9 252 80 6 144 63 18 48 280 240 105 360 21 336 720 315 56 504 420 180 1260 5040 3 1008 2520 16 7 840 28 14 1680 36 5 8 70 90 560 72
7 5 10000
9678 9942 9822 9726 9762 9714 9978
100 2 10000
4171 4214 2623 516 2064 3956 1204 3096 86 2967 1376 1935 860 3268 473 2924 2236 2279 4042 1591 817 2107 2838 3354 3225 1032 4085 1763 4300 215 2494 129 3698 989 2322 2365 1720 3741 2795 3483 3311 3827 3397 2150 344 645 946 1677 3999 1634 1118 1806 172 3010 774 1333 2537 559 1075 1290 387 1419 3784 1548 301 1892 258 2580 731 1247 2408 3612 1978 430 2709 688 3526 3655 3870 3182 1161 602 4343 3440 1462 3569 4257 2752 2666 2021 3139 4128 2451 903 3913 2881 2193 1849 1505 3053
5 2038 7566
2974 7416 6354 3512 7268
5 8475 9862
373 2893 7276 7115 7741
5 7342 9548
5837 1315 2464 8689 5191
5 5656 8389
4375 5200 8235 4295 7479
13 1 10000
7746 4686 1049 5366 6638 3723 8406 7876 3399 1604 4873 4432 9637
5 4077 8254
9151 2829 2494 2975 6601
2 5001 10000
5000 2500
10 61 119
10 5040 3240 15 2520 30 4 4680 8280 20
100 9 24
4872 9072 3264 8280 5592 8352 2376 5112 888 2016 8616 4560 6648 9792 3408 7248 9168 3480 5880 2592 3816 6672 8592 8832 9888 8496 1176 7632 4008 3432 264 3744 6816 4920 2904 5160 3192 5280 6072 672 6480 768 8904 9096 288 5424 9768 1920 8112 9264 5304 6528 3672 4776 1824 9240 960 1056 3960 3336 6984 2688 7560 2112 504 8376 2424 5568 8088 4680 936 6336 1080 5856 4392 7704 6768 1248 5328 3360 6024 5232 9816 7944 9480 5136 5520 1512 3072 3144 3216 3096 9528 8712 5016 456 8472 984 7896 720
51 1041 2080
208 6240 6240 6240 208 6240 6240 6240 6240 6240 6240 6240 208 208 6240 208 6240 6240 6240 6240 208 208 6240 6240 6240 6240 208 6240 208 208 208 208 6240 208 208 208 208 208 208 208 208 6240 6240 6240 6240 208 208 208 208 6240 208
5 5146 9194
4702 5019 8405 9419 336
