10
20 1 2 3 4 5 6 7 8 9 10 11 12 13 14 15 16 17 18 19 20
20 120 266 858 1243 1657 1771 2328 2490 2665 2894 3117 4210 4454 4943 5690 6170 7048 7125 9512 9600
20 1518 4481 1598 215 3456 49816 1419 4711 3762 83 4435 1948 4131 656 926 4330 4950 2495 2887 1815
20 74450 88346 2146 64012 36366 28211 46577 36061 16274 28191 42254 40390 72575 17230 13465 57654 48794 39172 85065 1331
20 2427 47328 47732 5125 82588 87810 20390 92476 82816 6766 10553 51661 58806 33488 64998 71664 31907 37818 48141 89832
20 4056 52604 4744 3536 1548 97237 2154 2662 2090 4004 4158 1206 2592 4070 1720 1960 3234 2698 4656 1516
20 14510 20656 16911 9217 83109 84054 82304 66026 42742 51068 45366 93770 7293 54324 53161 33184 10913 49754 48641 64317
20 1252 2760 2844 3874 4596 4338 2338 53922 4496 1088 4776 144 462 43615 2506 4802 1458 2438 4832 4918
20 940 3024 1402 1226 2514 932 3150 3238 78139 1798 3498 3782 2300 3972 2190 1608 44896 3658 4028 1636
20 92450 89093 39929 4217 89448 52794 23309 86172 27642 29209 35228 72887 39512 22737 21317 7001 20099 90040 21040 82426
